data/lco/lco.ecsv
# %ECSV 0.9
# ---
# datatype:
# - {name: MJD, datatype: float32}
# - {name: gmag, datatype: float32}
# - {name: gmag_err, datatype: float32}
# - {name: filter, datatype: string}
# - {name: obs, datatype: string}
# schema: astropy-2.0
MJD gmag gmag_err filter obs
58833.703 1.5483392 0.011168719 g M
58833.785 1.5650146 0.004926161 g M
58833.895 1.5674055 0.0032656505 g M
58833.98 1.5756489 0.0034239804 g M
58834.062 1.5230076 0.0034809678 g M
58834.312 1.5363892 0.0037496837 g M
58834.316 1.5439526 0.0038415645 g M
58834.434 1.5277326 0.004383284 g M
58834.48 1.4877633 0.011707869 g M
58834.867 0.7210222 0.023758342 g M
58834.953 -0.5181632 -0.010765764 g M
58835.035 2.8653574 0.025300499 g M
58835.285 1.5929611 0.004634344 g M
58835.45 1.5343542 0.0075967177 g M
58835.535 1.5446439 0.0059405454 g M
58835.62 1.5772232 0.005816686 g M
58835.625 1.5662987 0.0058830758 g M
58835.71 1.5754578 0.009003129 g M
58835.867 1.6392628 0.005223073 g M
58835.883 1.6452006 0.004713135 g M
58835.883 1.6452006 0.004713135 g M
58836.742 1.5366807 0.011621976 g M
58836.742 1.5366807 0.011621976 g M
58836.742 1.5537606 0.013558178 g M
58836.81 1.6012484 0.0052278377 g M
58836.81 1.6012484 0.0052278377 g M
58836.887 1.5901533 0.0047789556 g M
58836.887 1.5901533 0.0047789556 g M
58836.938 1.593133 0.0044569387 g M
58836.938 1.593133 0.0044569387 g M
58836.973 1.5884273 0.0049256934 g M
58836.973 1.5884273 0.0049256934 g M
58837.066 1.5597762 0.007775574 g M
58837.066 1.5597762 0.007775574 g M
58837.246 1.561812 0.0043409127 g M
58837.246 1.561812 0.0043409127 g M
58837.31 1.5546073 0.0051594023 g M
58837.31 1.5546073 0.0051594023 g M
58837.637 1.5254799 0.0053408556 g M
58837.637 1.5254799 0.0053408556 g M
58837.65 1.5351737 0.0053820787 g M
58837.65 1.5351737 0.0053820787 g M
58837.723 1.5169579 0.0065417397 g M
58837.723 1.5169579 0.0065417397 g M
58837.805 1.5608324 0.004807399 g M
58837.805 1.5608324 0.004807399 g M
58837.887 1.5519383 0.004560774 g M
58837.887 1.5519383 0.004560774 g M
58837.973 1.5694836 0.004555689 g M
58837.973 1.5694836 0.004555689 g M
58838.055 1.562483 0.004328192 g M
58838.055 1.562483 0.004328192 g M
58838.137 1.5453353 0.008005394 g M
58838.137 1.5453353 0.008005394 g M
58838.223 1.5335219 0.0049213334 g M
58838.223 1.5335219 0.0049213334 g M
58838.316 1.5484202 0.004366998 g M
58838.316 1.5484202 0.004366998 g M
58838.594 1.5478648 0.006083657 g M
58838.594 1.5478648 0.006083657 g M
58838.61 1.5592192 0.0059853354 g M
58838.637 1.5645272 0.0060620634 g M
58838.637 1.5645272 0.0060620634 g M
58838.742 1.5770969 0.008746732 g M
58838.742 1.5770969 0.008746732 g M
58838.973 1.5565664 0.004990416 g M
58838.973 1.5565664 0.004990416 g M
58839.06 1.5524194 0.0046873633 g M
58839.06 1.5524194 0.0046873633 g M
58839.78 1.530635 0.0051726107 g M
58839.81 1.5496428 0.0043189297 g M
58839.81 1.5496428 0.0043189297 g M
58839.887 1.5664784 0.004579699 g M
58839.887 1.5664784 0.004579699 g M
58839.973 1.5517004 0.0045274417 g M
58839.973 1.5517004 0.0045274417 g M
58840.055 1.556428 0.0043169335 g M
58840.055 1.556428 0.0043169335 g M
58840.79 1.5282894 0.0046049976 g M
58840.805 1.5437205 0.004641295 g M
58840.805 1.5437205 0.004641295 g M
58840.895 1.571684 0.004579722 g M
58840.895 1.571684 0.004579722 g M
58840.973 1.5606009 0.004563528 g M
58840.973 1.5606009 0.004563528 g M
58841.055 1.5788885 0.00473445 g M
58841.055 1.5788885 0.00473445 g M
58841.16 0.1856085 0.013743768 g M
58841.16 0.1856085 0.013743768 g M
58841.223 1.532952 0.0048521087 g M
58841.223 1.532952 0.0048521087 g M
58841.305 1.5268188 0.004982627 g M
58841.785 1.5290585 0.0055721523 g M
58841.793 1.521974 0.004316001 g M
58841.793 1.521974 0.004316001 g M
58841.863 1.5168933 0.0043659476 g M
58841.863 1.5168933 0.0043659476 g M
58841.953 1.5248463 0.004343891 g M
58841.953 1.5248463 0.004343891 g M
58842.027 1.5333718 0.0044976436 g M
58842.027 1.5333718 0.0044976436 g M
58842.113 1.5007977 0.004737886 g M
58842.195 1.4881611 0.0046730763 g M
58842.277 1.455705 0.004498457 g M
58842.785 1.4187679 0.004522289 g M
58842.785 1.4187679 0.004522289 g M
58842.785 1.4162813 0.004977285 g M
58842.863 1.417181 0.004010795 g M
58842.863 1.417181 0.004010795 g M
58842.96 1.416672 0.0040126527 g M
58842.96 1.416672 0.0040126527 g M
58843.027 1.4187675 0.0041629844 g M
58843.027 1.4187675 0.0041629844 g M
58843.113 1.3877304 0.004272498 g M
58843.195 1.383551 0.0041940687 g M
58843.277 1.3864642 0.004260192 g M
58843.46 1.3878468 0.0048545217 g M
58843.46 1.3878468 0.0048545217 g M
58843.61 1.3845292 0.0050097764 g M
58843.613 1.380689 0.00503556 g M
58843.613 1.380689 0.00503556 g M
58843.695 1.3713703 0.0059901453 g M
58843.695 1.3713703 0.0059901453 g M
58843.95 1.3938789 0.0036611496 g M
58843.95 1.3938789 0.0036611496 g M
58844.027 1.4040568 0.003733431 g M
58844.113 1.3604566 0.0040578255 g M
58844.195 1.3608158 0.004053539 g M
58844.277 1.3758676 0.0041849394 g M
58844.61 1.3963964 0.004356086 g M
58844.613 1.3942771 0.0044334903 g M
58844.695 1.3902451 0.0046873325 g M
58844.793 1.410833 0.004037288 g M
58844.953 1.4287086 0.0041054282 g M
58844.953 1.4287086 0.0041054282 g M
58845.047 1.454323 0.0049709314 g M
58845.047 1.454323 0.0049709314 g M
58845.277 1.4144716 0.0048291394 g M
58845.277 1.4144716 0.0048291394 g M
58845.453 1.4096483 0.0040158676 g M
58845.453 1.4096483 0.0040158676 g M
58845.69 1.423125 0.0046132957 g M
58845.69 1.423125 0.0046132957 g M
58845.79 1.4373503 0.004810394 g M
58845.79 1.4373503 0.004810394 g M
58845.855 1.4306506 0.009627952 g M
58845.855 1.4306506 0.009627952 g M
58846.023 1.4679139 0.0042173336 g M
58846.023 1.4679139 0.0042173336 g M
58846.207 1.4577723 0.0040143123 g M
58846.207 1.4577723 0.0040143123 g M
58846.273 1.459273 0.0046483586 g M
58846.273 1.459273 0.0046483586 g M
58846.527 1.4722843 0.0049192277 g M
58846.527 1.4722843 0.0049192277 g M
58846.7 1.4879969 0.0052123354 g M
58846.7 1.4879969 0.0052123354 g M
58846.785 1.5153025 0.00528107 g M
58846.785 1.5153025 0.00528107 g M
58846.855 1.4918526 0.004266428 g M
58846.855 1.4918526 0.004266428 g M
58846.94 1.4815818 0.0042379736 g M
58846.94 1.4815818 0.0042379736 g M
58847.023 1.4701236 0.0040680207 g M
58847.023 1.4701236 0.0040680207 g M
58847.105 1.4399439 0.003860479 g M
58847.105 1.4399439 0.003860479 g M
58847.195 1.4325203 0.004359162 g M
58847.195 1.4325203 0.004359162 g M
58847.273 1.4387343 0.0044730003 g M
58847.273 1.4387343 0.0044730003 g M
58847.44 1.4270537 0.0046891845 g M
58847.44 1.4270537 0.0046891845 g M
58847.69 1.4703541 0.0049869553 g M
58847.69 1.4703541 0.0049869553 g M
58847.79 1.5101515 0.0055160536 g M
58847.79 1.5101515 0.0055160536 g M
58847.855 1.5029985 0.004421864 g M
58847.855 1.5029985 0.004421864 g M
58847.953 1.4994612 0.0048136986 g M
58847.953 1.4994612 0.0048136986 g M
58848.04 1.4605845 0.005739075 g M
58848.04 1.4605845 0.005739075 g M
58848.125 1.4880029 0.004016774 g M
58848.125 1.4880029 0.004016774 g M
58848.19 1.4914155 0.0046198126 g M
58848.19 1.4914155 0.0046198126 g M
58848.273 1.5211471 0.004881844 g M
58848.273 1.5211471 0.004881844 g M
58848.785 1.6404272 0.006806137 g M
58848.785 1.6404272 0.006806137 g M
58848.87 1.6420069 0.0054042945 g M
58848.87 1.6420069 0.0054042945 g M
58848.875 1.6404319 0.0055534616 g M
58848.875 1.6399401 0.005221439 g M
58848.875 1.6487122 0.0053227227 g M
58848.953 1.6842259 0.0055881655 g M
58848.953 1.6842259 0.0055881655 g M
58849.023 1.707994 0.0058217603 g M
58849.023 1.707994 0.0058217603 g M
58849.105 1.6864315 0.0057946765 g M
58849.105 1.6864315 0.0057946765 g M
58849.207 1.6585654 0.0055726166 g M
58849.207 1.6585654 0.0055726166 g M
58849.273 1.633341 0.005607638 g M
58849.273 1.633341 0.005607638 g M
58849.793 1.5814852 0.010105895 g M
58849.793 1.5721654 0.0052152714 g M
58849.793 1.5721654 0.0052152714 g M
58849.793 1.5814852 0.010105895 g M
58849.855 1.582066 0.0053758426 g M
58849.855 1.582066 0.0053758426 g M
58850.023 1.5776569 0.0049415915 g M
58850.023 1.5776569 0.0049415915 g M
58850.19 1.5684905 0.005028053 g M
58850.19 1.5684905 0.005028053 g M
58850.273 1.5513229 0.0050169867 g M
58850.273 1.5513229 0.0050169867 g M
58850.816 1.6261798 0.005618174 g M
58850.816 1.6261798 0.005618174 g M
58850.9 1.6547906 0.006084325 g M
58850.9 1.6547906 0.006084325 g M
58850.98 1.67756 0.0055562044 g M
58850.98 1.67756 0.0055562044 g M
58851.07 1.676066 0.0054927794 g M
58851.07 1.676066 0.0054927794 g M
58851.15 1.6648936 0.0057217316 g M
58851.15 1.6648936 0.0057217316 g M
58851.246 1.6844106 0.00498379 g M
58851.246 1.6844106 0.00498379 g M
58851.316 1.6698576 0.0050721057 g M
58851.316 1.6698576 0.0050721057 g M
58851.48 1.6428962 0.005638644 g M
58851.48 1.6428962 0.005638644 g M
58851.566 1.649722 0.005334031 g M
58851.566 1.649722 0.005334031 g M
58851.656 -0.0 -0.0 g M
58851.656 -0.0 -0.0 g M
58851.656 1.6749618 0.005557739 g M
58851.656 1.6749618 0.005557739 g M
58851.82 1.6670926 0.0066753705 g M
58851.82 1.6670926 0.0066753705 g M
58851.9 1.6836404 0.005636167 g M
58851.9 1.6836404 0.005636167 g M
58851.98 1.6645175 0.0052145864 g M
58851.98 1.6645175 0.0052145864 g M
58852.066 1.6171123 0.0055839224 g M
58852.066 1.6171123 0.0055839224 g M
58852.15 1.6301472 0.0055502285 g M
58852.15 1.6301472 0.0055502285 g M
58852.23 1.6075184 0.0052947607 g M
58852.23 1.6075184 0.0052947607 g M
58852.48 1.6290562 0.0056042876 g M
58852.48 1.6290562 0.0056042876 g M
58852.816 1.6275051 0.0053461455 g M
58852.816 1.6275051 0.0053461455 g M
58852.91 1.6491055 0.015894806 g M
58852.91 1.6491055 0.015894806 g M
58853.066 1.5742886 0.005933939 g M
58853.066 1.5742886 0.005933939 g M
58853.15 1.5938966 0.005615275 g M
58853.15 1.5938966 0.005615275 g M
58853.234 1.6048211 0.0047656028 g M
58853.234 1.6048211 0.0047656028 g M
58853.316 1.5916443 0.004864454 g M
58853.316 1.5916443 0.004864454 g M
58854.066 1.5581793 0.005824741 g M
58854.066 1.5581793 0.005824741 g M
58854.164 1.5417427 0.0059604445 g M
58854.164 1.5417427 0.0059604445 g M
58854.824 1.5206943 0.0077183037 g M
58854.824 1.5206943 0.0077183037 g M
58855.07 1.4656595 0.0094016595 g M
58855.07 1.4656595 0.0094016595 g M
58855.094 1.4771446 0.008929763 g M
58855.094 1.4771446 0.008929763 g M
58855.094 1.4774246 0.008932076 g M
58855.094 1.4774246 0.008932076 g M
58855.15 1.4546866 0.0068585603 g M
58855.15 1.4546866 0.0068585603 g M
58855.18 1.431505 0.006764043 g M
58855.18 1.4531119 0.0067344983 g M
58855.18 1.431505 0.006764043 g M
58855.18 1.4531119 0.0067344983 g M
58855.234 1.4596103 0.0059747635 g M
58855.234 1.4596103 0.0059747635 g M
58855.26 1.4557874 0.0058111837 g M
58855.26 1.4557874 0.0058111837 g M
58855.26 1.4556464 0.005646228 g M
58855.26 1.4556464 0.005646228 g M
58855.316 1.4650058 0.004730372 g M
58855.316 1.4650058 0.004730372 g M
58855.844 1.4836198 0.004995721 g M
58855.844 1.496143 0.0048930957 g M
58855.844 1.496143 0.0048930957 g M
58855.844 1.4836198 0.004995721 g M
58856.094 1.4328191 0.0075542154 g M
58856.094 1.4257476 0.007448185 g M
58856.094 1.4257476 0.007448185 g M
58856.094 1.4328191 0.0075542154 g M
58856.176 1.4483491 0.008410855 g M
58856.176 1.4483491 0.008410855 g M
58856.176 1.4433376 0.008580048 g M
58856.176 1.4433376 0.008580048 g M
58856.43 1.509471 0.007840732 g M
58856.43 1.5218989 0.0081457 g M
58856.43 1.5218989 0.0081457 g M
58856.43 1.509471 0.007840732 g M
58856.523 1.5021853 0.009661608 g M
58856.523 1.4982579 0.008280261 g M
58856.523 1.4982579 0.008280261 g M
58856.523 1.5021853 0.009661608 g M
58856.684 1.4703405 0.008097534 g M
58856.684 1.4703405 0.008097534 g M
58856.684 1.4453346 0.008480547 g M
58856.684 1.4453346 0.008480547 g M
58856.844 1.5127467 0.0063028247 g M
58856.844 1.5127467 0.0063028247 g M
58856.85 1.499583 0.006260343 g M
58856.85 1.499583 0.006260343 g M
58856.855 1.5129426 0.0061023426 g M
58856.855 1.5129426 0.0061023426 g M
58857.098 1.4574876 0.0050456505 g M
58857.098 1.463916 0.0051205205 g M
58857.098 1.463916 0.0051205205 g M
58857.098 1.4574876 0.0050456505 g M
58857.176 1.4553372 0.0048643067 g M
58857.176 1.4553372 0.0048643067 g M
58857.18 1.4582906 0.0047859834 g M
58857.18 1.4582906 0.0047859834 g M
58857.266 1.4529946 0.004931765 g M
58857.266 1.4529946 0.004931765 g M
58857.266 1.4485132 0.0048415284 g M
58857.266 1.4485132 0.0048415284 g M
58857.676 1.43069 0.01581358 g M
58857.676 1.43069 0.01581358 g M
58857.68 1.4317266 0.017749622 g M
58857.68 1.4317266 0.017749622 g M
58857.85 1.4900119 0.006402071 g M
58857.85 1.4900119 0.006402071 g M
58857.85 1.4953204 0.006381176 g M
58857.85 1.4953204 0.006381176 g M
58857.926 1.4798541 0.006747156 g M
58857.926 1.4864028 0.0065861465 g M
58857.926 1.4864028 0.0065861465 g M
58857.926 1.4798541 0.006747156 g M
58858.098 1.4774046 0.0050173886 g M
58858.098 1.4685706 0.0049579567 g M
58858.098 1.4685706 0.0049579567 g M
58858.098 1.4774046 0.0050173886 g M
58858.18 1.4381957 0.0059855655 g M
58858.18 1.4339339 0.006208213 g M
58858.18 1.4381957 0.0059855655 g M
58858.18 1.4339339 0.006208213 g M
58858.26 1.4247732 0.0064006126 g M
58858.26 1.4263146 0.0064284643 g M
58858.26 1.4263146 0.0064284643 g M
58858.26 1.4247732 0.0064006126 g M
58858.43 1.4559188 0.012402854 g M
58858.43 1.4521307 0.01180038 g M
58858.43 1.4559188 0.012402854 g M
58858.43 1.4521307 0.01180038 g M
58859.01 1.4548593 0.006943679 g M
58859.01 1.4691093 0.0073989914 g M
58859.01 1.4548593 0.006943679 g M
58859.01 1.4691093 0.0073989914 g M
58859.094 1.4227737 0.0059963726 g M
58859.094 1.4252386 0.0060413633 g M
58859.26 1.4308008 0.006649765 g M
58859.26 1.4348736 0.006519189 g M
58859.26 1.4348736 0.006519189 g M
58859.26 1.4308008 0.006649765 g M
58859.438 1.4688475 0.0052658212 g M
58859.438 1.4748849 0.0053601186 g M
58859.438 1.4688475 0.0052658212 g M
58859.438 1.4748849 0.0053601186 g M
58859.51 1.4833486 0.0082605975 g M
58859.51 1.4742792 0.008083748 g M
58859.51 1.4833486 0.0082605975 g M
58859.51 1.4742792 0.008083748 g M
58859.684 1.4716485 0.012914688 g M
58859.684 1.4716485 0.012914688 g M
58859.684 1.479995 0.011603701 g M
58859.684 1.479995 0.011603701 g M
58859.844 1.5164151 0.0060402993 g M
58859.844 1.5164151 0.0060402993 g M
58859.844 1.5061616 0.00592001 g M
58859.844 1.5061616 0.00592001 g M
58859.97 1.5138224 0.0058598793 g M
58859.97 1.5138224 0.0058598793 g M
58859.97 1.5001847 0.0057320087 g M
58859.97 1.5001847 0.0057320087 g M
58860.05 1.4573733 0.0055021476 g M
58860.05 1.4439324 0.005344909 g M
58860.05 1.4573733 0.0055021476 g M
58860.05 1.4439324 0.005344909 g M
58860.133 1.4615188 0.005858124 g M
58860.133 1.4615188 0.005858124 g M
58860.137 1.4574211 0.0058621434 g M
58860.137 1.4574211 0.0058621434 g M
58860.47 1.5175331 0.009265828 g M
58860.47 1.5175331 0.009265828 g M
58860.47 1.5143871 0.009317633 g M
58860.47 1.5143871 0.009317633 g M
58860.8 1.5700334 0.0047152517 g M
58860.8 1.5700334 0.0047152517 g M
58860.8 1.5727984 0.004680256 g M
58860.8 1.5727984 0.004680256 g M
58860.883 1.5708449 0.006374999 g M
58860.883 1.5708449 0.006374999 g M
58860.887 1.5771153 0.006593964 g M
58860.887 1.5771153 0.006593964 g M
58860.97 1.5882491 0.00898284 g M
58860.97 1.5882491 0.00898284 g M
58860.97 1.5826931 0.008693788 g M
58860.97 1.5826931 0.008693788 g M
58861.05 1.543471 0.005107071 g M
58861.05 1.543471 0.005107071 g M
58861.05 1.5461152 0.0051345103 g M
58861.05 1.5461152 0.0051345103 g M
58861.47 1.5781803 0.005366743 g M
58861.47 1.5780004 0.0054065613 g M
58861.55 1.5712878 0.0075007114 g M
58861.55 1.5878451 0.0077047884 g M
58861.883 1.5798463 0.0059290966 g M
58861.887 1.5804936 0.006020533 g M
58861.97 1.5805885 0.0062695746 g M
58861.97 1.5926347 0.006243182 g M
58862.055 1.5476295 0.00502284 g M
58862.055 1.5497797 0.0050338106 g M
58862.133 1.5378989 0.005190291 g M
58862.137 1.5337528 0.0051487703 g M
58862.22 1.5454487 0.0066010305 g M
58862.22 1.5410619 0.006371025 g M
