data/asassn/asas.ecsv
# %ECSV 0.9
# ---
# datatype:
# - {name: HJD, datatype: float64}
# - {name: UT Date, datatype: string}
# - {name: Camera, datatype: string}
# - {name: FWHM, datatype: float64}
# - {name: Limit, datatype: float64}
# - {name: mag, datatype: float64}
# - {name: mag_err, datatype: float64}
# - {name: flux(mJy), datatype: float64}
# - {name: flux_err, datatype: float64}
# - {name: Filter, datatype: string}
# - {name: MJD, datatype: float64}
# schema: astropy-2.0
HJD "UT Date" Camera FWHM Limit mag mag_err flux(mJy) flux_err Filter MJD
2456590.00725 2013-10-24.5055217 ba 2.13 15.94 13.702 0.029 12.687 0.337 V 56589.50724999979
2456600.98902 2013-11-04.4867956 ba 2.21 16.432 13.748 0.019 12.147 0.214 V 56600.48902000021
2456600.9904 2013-11-04.4881665 ba 2.23 16.391 13.645 0.018 13.364 0.222 V 56600.49040000001
2456603.98523 2013-11-07.4828857 ba 2.33 14.747 13.913 0.106 10.44 1.003 V 56603.485230000224
2456603.98661 2013-11-07.4842576 ba 2.34 15.493 13.626 0.041 13.605 0.508 V 56603.48661000002
2456615.9139 2013-11-19.4111166 ba 2.45 15.415 13.922 0.057 10.355 0.531 V 56615.41390000004
2456616.914 2013-11-20.4111902 ba 2.47 15.465 13.54 0.038 14.718 0.517 V 56616.41399999987
2456616.91538 2013-11-20.4125663 ba 2.46 15.404 13.672 0.045 13.04 0.54 V 56616.41538000014
2456618.89508 2013-11-22.3922070 ba 2.19 15.738 13.651 0.033 13.28 0.4 V 56618.39508000016
2456618.89645 2013-11-22.3935753 ba 2.17 15.856 13.715 0.032 12.528 0.358 V 56618.396449999884
2456621.88727 2013-11-25.3843196 ba 1.64 16.457 13.676 0.018 12.99 0.211 V 56621.38726999983
2456621.88865 2013-11-25.3856946 ba 1.69 16.471 13.704 0.018 12.654 0.21 V 56621.388650000095
2456630.93218 2013-12-04.4290313 ba 2.38 16.404 13.645 0.017 13.362 0.213 V 56630.43218
2456630.93357 2013-12-04.4304172 ba 2.34 16.431 13.655 0.017 13.243 0.21 V 56630.43356999988
2456631.926 2013-12-05.4228293 ba 2.36 16.387 13.688 0.018 12.853 0.219 V 56631.42599999998
2456631.92737 2013-12-05.4242064 ba 2.35 16.389 13.652 0.018 13.287 0.218 V 56631.427370000165
2456675.80231 2014-01-18.2993892 ba 1.65 16.046 13.584 0.023 14.13 0.296 V 56675.302310000174
2456675.80365 2014-01-18.3007354 ba 1.69 15.942 13.551 0.024 14.571 0.324 V 56675.30365000013
2456677.88071 2014-01-20.3778578 ba 2.08 16.106 13.664 0.023 13.136 0.279 V 56677.38071000017
2456677.88222 2014-01-20.3793629 ba 2.09 16.063 13.671 0.024 13.049 0.29 V 56677.38222000003
2456700.82067 2014-02-12.3186951 ba 1.72 15.961 13.655 0.026 13.237 0.318 V 56700.32066999981
2456700.822 2014-02-12.3200197 ba 1.7 16.031 13.638 0.024 13.443 0.299 V 56700.32200000016
2456789.47429 2014-05-11.9765179 be 2.4 15.833 13.594 0.028 14.009 0.358 V 56788.97428999981
2456789.47571 2014-05-11.9779438 be 2.41 15.892 13.638 0.027 13.455 0.339 V 56788.97570999991
2456794.45546 2014-05-16.9578597 be 1.46 15.566 13.624 0.038 13.634 0.477 V 56793.95545999985
2456794.4569 2014-05-16.9593021 be 1.43 15.897 13.698 0.029 12.727 0.338 V 56793.95690000011
2456859.93302 2014-07-21.4356331 be 1.5 16.228 13.637 0.02 13.468 0.249 V 56859.43301999988
2456859.93466 2014-07-21.4372677 be 1.53 16.273 13.673 0.02 13.022 0.239 V 56859.434659999795
2456874.90912 2014-08-05.4112163 be 1.45 16.333 13.658 0.019 13.203 0.225 V 56874.40911999997
2456877.90035 2014-08-08.4023260 be 1.44 16.341 13.644 0.018 13.384 0.224 V 56877.40034999978
2456877.90184 2014-08-08.4038219 be 1.43 16.362 13.663 0.018 13.148 0.22 V 56877.40183999995
2456881.89649 2014-08-12.3983047 be 1.67 15.979 13.594 0.024 14.013 0.313 V 56881.39649000019
2456881.89812 2014-08-12.3999318 be 1.64 15.972 13.639 0.025 13.427 0.315 V 56881.39812000003
2456882.89293 2014-08-13.3946929 be 1.46 16.118 13.647 0.022 13.345 0.275 V 56882.39293000009
2456882.8944 2014-08-13.3961668 be 1.51 16.105 13.638 0.023 13.446 0.278 V 56882.39440000011
2456884.89075 2014-08-15.3924278 be 1.46 16.18 13.659 0.021 13.193 0.26 V 56884.39074999979
2456884.89219 2014-08-15.393875 be 1.47 16.176 13.68 0.022 12.942 0.261 V 56884.39219000004
2456886.88441 2014-08-17.3860019 be 1.57 16.26 13.656 0.02 13.225 0.242 V 56886.38440999994
2456886.88596 2014-08-17.38755 be 1.62 16.317 13.671 0.019 13.042 0.23 V 56886.3859600001
2456894.91298 2014-08-25.4141732 be 1.77 16.291 13.644 0.019 13.378 0.235 V 56894.41298000002
2456894.91445 2014-08-25.4156487 be 1.81 16.325 13.641 0.018 13.413 0.228 V 56894.41445000004
2456904.85295 2014-09-04.3536174 be 1.53 16.377 13.667 0.018 13.092 0.218 V 56904.352950000204
2456907.84639 2014-09-07.3469011 be 1.54 16.07 13.644 0.023 13.373 0.288 V 56907.34639000008
2456907.84786 2014-09-07.3483629 be 1.47 16.047 13.63 0.024 13.558 0.294 V 56907.347860000096
2456908.85592 2014-09-08.3563635 be 1.51 16.014 13.602 0.024 13.909 0.303 V 56908.35592
2456908.85736 2014-09-08.3578127 be 1.44 16.061 13.671 0.024 13.043 0.29 V 56908.35735999979
2456910.8448 2014-09-10.3451372 be 2.06 15.975 13.61 0.025 13.797 0.315 V 56910.34480000008
2456910.84629 2014-09-10.3466244 be 2.1 16.047 13.604 0.023 13.877 0.295 V 56910.34628999978
2456911.83628 2014-09-11.3365619 be 1.75 15.088 13.545 0.053 14.65 0.709 V 56911.33627999993
2456911.83775 2014-09-11.3380297 be 1.68 15.06 13.649 0.06 13.316 0.727 V 56911.33774999995
2456918.82423 2014-09-18.3241175 be 1.55 16.342 13.654 0.018 13.247 0.224 V 56918.32422999991
2456918.82571 2014-09-18.3256017 be 1.54 16.343 13.675 0.019 12.991 0.226 V 56918.325710000005
2456919.8278 2014-09-19.3276291 be 1.64 16.164 13.655 0.022 13.249 0.267 V 56919.32780000009
2456919.82926 2014-09-19.3290839 be 1.67 15.966 13.622 0.025 13.653 0.318 V 56919.32926000003
2456923.82071 2014-09-23.3203065 be 1.55 16.352 13.625 0.018 13.612 0.222 V 56923.32071000012
2456923.8222 2014-09-23.3218013 be 1.54 16.345 13.618 0.018 13.702 0.224 V 56923.32219999982
2456925.87 2014-09-25.3694958 be 1.74 16.35 13.645 0.018 13.358 0.223 V 56925.37000000011
2456925.87163 2014-09-25.3711092 be 1.72 16.331 13.655 0.019 13.24 0.227 V 56925.37162999995
2456927.81259 2014-09-27.3119539 be 1.46 16.344 13.659 0.018 13.183 0.224 V 56927.31259000022
2456927.81407 2014-09-27.3134412 be 1.49 16.33 13.611 0.018 13.787 0.227 V 56927.31406999985
2456928.89566 2014-09-28.3949684 be 1.5 16.12 13.648 0.022 13.323 0.275 V 56928.39565999992
2456928.89719 2014-09-28.3964982 be 1.5 15.954 13.687 0.027 12.856 0.32 V 56928.39718999993
2456930.7763 2014-09-30.2754946 be 1.57 16.301 13.613 0.018 13.752 0.233 V 56930.27630000003
2456930.77776 2014-09-30.2769594 be 1.56 16.31 13.639 0.019 13.441 0.231 V 56930.27775999997
2456931.7605 2014-10-01.2596418 be 1.47 16.337 13.656 0.018 13.235 0.225 V 56931.26049999986
2456931.762 2014-10-01.2611396 be 1.5 16.301 13.653 0.019 13.267 0.233 V 56931.262000000104
2456932.80715 2014-10-02.3062332 be 1.51 16.365 13.657 0.018 13.213 0.219 V 56932.307149999775
2456932.80865 2014-10-02.3077340 be 1.52 16.355 13.652 0.018 13.271 0.222 V 56932.30865000002
2456933.80372 2014-10-03.3027450 be 1.48 16.323 13.649 0.019 13.313 0.228 V 56933.3037200002
2456933.80518 2014-10-03.3042076 be 1.48 16.387 13.639 0.017 13.439 0.215 V 56933.30518000014
2456936.79304 2014-10-06.2918922 be 1.51 16.042 13.663 0.024 13.141 0.295 V 56936.2930399999
2456936.79446 2014-10-06.2933203 be 1.53 16.132 13.655 0.022 13.231 0.272 V 56936.294460000005
2456937.77771 2014-10-07.2765148 be 1.63 16.008 13.614 0.024 13.757 0.304 V 56937.27771000005
2456937.77914 2014-10-07.2779414 be 1.61 15.961 13.649 0.026 13.311 0.318 V 56937.27914000023
2456938.78914 2014-10-08.2878855 be 1.56 15.816 13.625 0.029 13.601 0.363 V 56938.28914000001
2456938.79061 2014-10-08.2893509 be 1.63 15.799 13.675 0.031 13.005 0.368 V 56938.290610000025
2456938.83843 2014-10-08.3371717 be 1.52 15.878 13.602 0.027 13.903 0.343 V 56938.33843
2456938.83986 2014-10-08.3386005 be 1.49 15.924 13.644 0.027 13.372 0.329 V 56938.33986000018
2456939.85195 2014-10-09.3506378 be 1.53 15.94 13.645 0.026 13.353 0.324 V 56939.35195000004
2456939.85338 2014-10-09.3520584 be 1.52 16.027 13.666 0.025 13.109 0.299 V 56939.35338000022
2456945.82865 2014-10-15.3270105 be 1.51 14.968 13.64 0.064 13.418 0.792 V 56945.32865000004
2456945.83008 2014-10-15.3284353 be 1.5 14.579 13.597 0.089 13.97 1.132 V 56945.33008000022
2456948.79032 2014-10-18.2885211 be 1.88 16.371 13.651 0.018 13.297 0.219 V 56948.290320000146
2456948.79182 2014-10-18.2900206 be 1.9 16.355 13.645 0.018 13.366 0.223 V 56948.291819999926
2456959.7585 2014-10-29.2561597 be 2.06 16.326 13.602 0.018 13.911 0.229 V 56959.258499999996
2456959.75994 2014-10-29.2576023 be 2.09 16.317 13.619 0.018 13.677 0.231 V 56959.259939999785
2456963.78545 2014-11-02.2829195 be 1.6 16.013 13.618 0.024 13.7 0.303 V 56963.28544999985
2456963.78686 2014-11-02.2843363 be 1.56 16.246 13.661 0.02 13.172 0.245 V 56963.28685999988
2456964.77783 2014-11-03.2752623 be 1.46 16.279 13.636 0.019 13.472 0.237 V 56964.277830000035
2456964.77926 2014-11-03.2766915 be 1.43 16.314 13.622 0.018 13.651 0.23 V 56964.279260000214
2456968.7387 2014-11-07.2359592 be 1.51 15.95 13.627 0.026 13.585 0.321 V 56968.2387000001
2456968.74013 2014-11-07.2373866 be 1.47 15.931 13.647 0.027 13.341 0.327 V 56968.24012999982
2456972.71729 2014-11-11.2143979 be 1.44 16.164 13.66 0.022 13.185 0.264 V 56972.21729000006
2456972.71872 2014-11-11.2158245 be 1.4 16.206 13.701 0.022 12.687 0.253 V 56972.21871999977
2456975.75003 2014-11-14.2470255 be 1.44 16.276 13.613 0.019 13.758 0.238 V 56975.25003000023
2456975.75145 2014-11-14.2484424 be 1.41 16.331 13.646 0.018 13.355 0.226 V 56975.251449999865
2456977.83719 2014-11-16.3341053 be 1.47 16.345 13.623 0.018 13.627 0.223 V 56977.337189999875
2456979.71531 2014-11-18.2121687 be 1.48 16.379 13.656 0.018 13.234 0.217 V 56979.21530999988
2456979.71674 2014-11-18.2135947 be 1.46 16.388 13.664 0.018 13.13 0.215 V 56979.21674000006
2456983.77444 2014-11-22.2711702 be 1.39 16.401 13.628 0.017 13.575 0.213 V 56983.274439999834
2456983.77586 2014-11-22.2725950 be 1.42 16.395 13.637 0.017 13.46 0.213 V 56983.275859999936
2456988.68259 2014-11-27.1791944 be 1.45 16.314 13.614 0.018 13.755 0.23 V 56988.182589999866
2456988.68402 2014-11-27.1806192 be 1.46 16.329 13.603 0.018 13.886 0.227 V 56988.184020000044
2456991.69685 2014-11-30.1933793 be 1.55 16.316 13.639 0.019 13.444 0.229 V 56991.19684999995
2456991.69827 2014-11-30.1948048 be 1.53 16.306 13.634 0.019 13.5 0.232 V 56991.19827000005
2456993.69464 2014-12-02.1911277 be 1.48 16.203 13.646 0.021 13.35 0.254 V 56993.194639999885
2456993.69608 2014-12-02.1925915 be 1.48 16.278 13.689 0.02 12.835 0.237 V 56993.19608000014
2456997.6884 2014-12-06.1848215 be 1.46 15.9 13.609 0.027 13.818 0.336 V 56997.18839999987
2456997.68983 2014-12-06.1862502 be 1.48 15.928 13.67 0.027 13.051 0.327 V 56997.18983000005
2457000.75323 2014-12-09.2496077 be 1.52 16.153 13.641 0.022 13.403 0.266 V 57000.253229999915
2457000.75465 2014-12-09.2510219 be 1.54 16.163 13.652 0.022 13.268 0.264 V 57000.25465000002
2457003.67938 2014-12-12.1757209 be 1.45 16.272 13.649 0.019 13.313 0.239 V 57003.1793800001
2457003.68081 2014-12-12.1771453 be 1.43 16.323 13.65 0.019 13.296 0.228 V 57003.180809999816
2457004.74951 2014-12-13.2458444 be 1.44 16.3 13.625 0.019 13.618 0.233 V 57004.249509999994
2457004.75093 2014-12-13.2472619 be 1.41 16.294 13.658 0.019 13.209 0.234 V 57004.2509300001
2457005.85431 2014-12-14.3506291 be 1.48 16.218 13.637 0.02 13.469 0.251 V 57005.35430999985
2457006.72962 2014-12-15.2259395 be 1.45 16.347 13.617 0.018 13.712 0.223 V 57006.22961999988
2457006.73104 2014-12-15.2273599 be 1.44 16.358 13.643 0.018 13.393 0.221 V 57006.231039999984
2457007.83643 2014-12-16.3327388 be 1.48 16.338 13.631 0.018 13.533 0.224 V 57007.33643000014
2457007.83785 2014-12-16.3341640 be 1.48 16.329 13.67 0.019 13.056 0.227 V 57007.33784999978
2457010.71605 2014-12-19.2123452 be 1.41 16.351 13.641 0.018 13.415 0.222 V 57010.21604999993
2457010.71748 2014-12-19.2137751 be 1.42 16.37 13.637 0.018 13.458 0.218 V 57010.21748000011
2457013.67032 2014-12-22.1666136 be 1.46 16.339 13.643 0.018 13.389 0.225 V 57013.170320000034
2457013.67175 2014-12-22.1680431 be 1.47 16.359 13.619 0.017 13.679 0.221 V 57013.17175000021
2457016.67526 2014-12-25.1715550 be 1.48 16.408 13.634 0.017 13.5 0.211 V 57016.17525999993
2457016.67669 2014-12-25.1729863 be 1.55 16.314 13.613 0.018 13.765 0.23 V 57016.17669000011
2457019.6728 2014-12-28.1691104 be 1.59 16.316 13.645 0.019 13.356 0.23 V 57019.172799999826
2457019.67422 2014-12-28.1705351 be 1.64 16.34 13.643 0.018 13.382 0.225 V 57019.17421999993
2457022.66348 2014-12-31.1598184 be 1.52 16.254 13.687 0.021 12.856 0.243 V 57022.163480000105
2457022.66489 2014-12-31.1612318 be 1.49 16.225 13.655 0.02 13.242 0.25 V 57022.16489000013
2457027.7159 2015-01-05.2122906 be 1.6 15.424 13.654 0.043 13.254 0.52 V 57027.215900000185
2457027.71733 2015-01-05.2137289 be 1.6 15.223 13.604 0.049 13.88 0.626 V 57027.2173299999
2457031.6568 2015-01-09.1532583 be 1.57 16.199 13.654 0.021 13.252 0.255 V 57031.1568
2457031.65822 2015-01-09.1546835 be 1.55 16.214 13.634 0.02 13.498 0.252 V 57031.1582200001
2457033.64925 2015-01-11.1457496 be 1.55 16.385 13.652 0.018 13.273 0.216 V 57033.149249999784
2457033.65068 2015-01-11.1471789 be 1.56 16.329 13.637 0.018 13.46 0.228 V 57033.15067999996
2457034.75185 2015-01-12.2483789 be 1.55 16.238 13.646 0.02 13.352 0.246 V 57034.25185000012
2457034.75328 2015-01-12.2498053 be 1.64 16.316 13.618 0.018 13.698 0.23 V 57034.25327999983
2457036.74539 2015-01-14.2419606 be 1.48 16.355 13.629 0.018 13.559 0.221 V 57036.24538999982
2457036.74682 2015-01-14.2433875 be 1.5 16.328 13.647 0.018 13.339 0.227 V 57036.24682
2457039.63521 2015-01-17.1318473 be 1.52 16.328 13.634 0.018 13.494 0.227 V 57039.13520999998
2457039.63665 2015-01-17.1332900 be 1.52 16.344 13.63 0.018 13.544 0.224 V 57039.13664999977
2457042.65864 2015-01-20.1553650 be 1.44 16.357 13.622 0.018 13.649 0.221 V 57042.15864000004
2457042.66006 2015-01-20.1567809 be 1.41 16.323 13.602 0.018 13.9 0.228 V 57042.16006000014
2457045.63579 2015-01-23.1326021 be 1.59 16.372 13.627 0.017 13.576 0.218 V 57045.135790000204
2457047.54262 2015-01-25.0394901 be 2.48 16.119 13.649 0.022 13.306 0.277 V 57047.042619999964
2457047.54406 2015-01-25.0409288 be 2.42 16.196 13.621 0.02 13.659 0.259 V 57047.04406000022
2457050.63206 2015-01-28.1290415 be 1.44 16.228 13.649 0.02 13.309 0.249 V 57050.13206000021
2457050.63349 2015-01-28.1304700 be 1.42 16.196 13.63 0.021 13.548 0.256 V 57050.13348999992
2457055.63751 2015-02-02.1346762 be 1.84 15.855 13.625 0.028 13.617 0.35 V 57055.1375099998
2457055.64065 2015-02-02.1378142 be 1.87 15.918 13.62 0.026 13.671 0.331 V 57055.14064999996
2457058.61494 2015-02-05.1122238 be 1.46 16.081 13.652 0.023 13.272 0.285 V 57058.11494000023
2457058.61636 2015-02-05.1136447 be 1.47 16.004 13.672 0.026 13.031 0.305 V 57058.11635999987
2457061.64944 2015-02-08.1468537 be 1.39 16.132 13.628 0.022 13.578 0.272 V 57061.149439999834
2457063.67631 2015-02-10.1738158 be 1.56 16.144 13.647 0.022 13.348 0.268 V 57063.17631000001
2457063.67774 2015-02-10.1752432 be 1.57 16.158 13.639 0.021 13.441 0.265 V 57063.17774000019
2457066.62101 2015-02-13.1186537 be 1.41 16.281 13.644 0.019 13.379 0.237 V 57066.121009999886
2457066.62248 2015-02-13.1201171 be 1.42 16.29 13.616 0.019 13.725 0.235 V 57066.1224799999
2457069.63285 2015-02-16.1306329 be 1.5 16.336 13.618 0.018 13.689 0.225 V 57069.13285000017
2457069.63426 2015-02-16.1320474 be 1.54 16.321 13.63 0.018 13.547 0.228 V 57069.134260000195
2457070.60425 2015-02-17.1020849 be 1.52 16.353 13.647 0.018 13.339 0.222 V 57070.10424999986
2457070.60567 2015-02-17.1035009 be 1.46 16.335 13.625 0.018 13.619 0.226 V 57070.10566999996
2457074.58461 2015-02-21.0826368 be 1.49 16.254 13.62 0.019 13.67 0.243 V 57074.08460999979
2457074.58604 2015-02-21.0840762 be 1.54 16.326 13.633 0.018 13.503 0.227 V 57074.086039999966
2457078.61419 2015-02-25.1124269 be 1.5 16.201 13.657 0.021 13.216 0.255 V 57078.11419000011
2457078.61562 2015-02-25.1138651 be 1.42 16.271 13.663 0.02 13.154 0.239 V 57078.11561999982
2457083.5763 2015-03-02.0748136 be 1.46 16.085 13.635 0.023 13.482 0.284 V 57083.07629999984
2457083.57773 2015-03-02.0762436 be 1.47 16.067 13.647 0.023 13.349 0.288 V 57083.07773000002
2457086.56693 2015-03-05.0656093 be 1.47 16.048 13.614 0.023 13.743 0.293 V 57086.066930000205
2457086.56835 2015-03-05.0670284 be 1.48 16.018 13.65 0.025 13.299 0.302 V 57086.06834999984
2457089.63571 2015-03-08.1345629 be 1.48 16.048 13.663 0.024 13.154 0.294 V 57089.13571000006
