data/asassn/asas.ecsv
# %ECSV 0.9
# ---
# datatype:
# - {name: HJD, datatype: float64}
# - {name: UT Date, datatype: string}
# - {name: Camera, datatype: string}
# - {name: FWHM, datatype: float64}
# - {name: Limit, datatype: float64}
# - {name: mag, datatype: float64}
# - {name: mag_err, datatype: float64}
# - {name: flux(mJy), datatype: float64}
# - {name: flux_err, datatype: float64}
# - {name: Filter, datatype: string}
# - {name: MJD, datatype: float64}
# schema: astropy-2.0
HJD "UT Date" Camera FWHM Limit mag mag_err flux(mJy) flux_err Filter MJD
[from data line 1376]
2458176.554 2018-02-27.0527634 bi 1.46 16.583 14.226 0.025 7.408 0.17 g 58176.054000000004
2458176.55522 2018-02-27.0539817 bi 1.47 16.568 14.15 0.024 7.941 0.172 g 58176.05521999998
2458176.62009 2018-02-27.1188571 bq 1.69 15.881 14.349 0.053 6.616 0.323 g 58176.120089999866
2458176.62131 2018-02-27.1200769 bq 1.67 15.83 14.15 0.047 7.944 0.339 g 58176.12130999984
2458176.62255 2018-02-27.1213186 bq 1.71 16.043 14.2 0.04 7.588 0.278 g 58176.12254999997
2458177.59648 2018-02-28.0953028 bi 1.52 15.943 14.211 0.044 7.511 0.305 g 58177.09647999983
2458177.5977 2018-02-28.0965216 bi 1.51 15.779 14.16 0.049 7.869 0.355 g 58177.09769999981
2458178.64156 2018-03-01.1404390 be 1.46 15.55 13.592 0.036 14.025 0.463 V 58178.1415599999
2458178.64283 2018-03-01.1417085 be 1.5 15.581 13.547 0.034 14.632 0.451 V 58178.14282999979
2458179.59166 2018-03-02.0905880 bq 1.47 15.868 14.293 0.051 6.966 0.327 g 58179.09165999992
2458179.59288 2018-03-02.0918079 bq 1.48 15.885 14.271 0.05 7.102 0.322 g 58179.092879999895
2458179.5941 2018-03-02.0930237 bq 1.5 15.902 14.252 0.048 7.228 0.317 g 58179.09409999987
2458180.65732 2018-03-03.1563079 bi 1.62 16.243 14.192 0.033 7.642 0.232 g 58180.15732000023
2458180.65854 2018-03-03.1575336 bi 1.63 16.129 14.168 0.036 7.814 0.257 g 58180.15854000021
2458180.65901 2018-03-03.1580034 bq 1.69 15.897 14.288 0.05 6.991 0.318 g 58180.15901000006
2458180.65976 2018-03-03.1587511 bi 1.6 16.095 14.245 0.04 7.279 0.265 g 58180.159760000184
2458180.66023 2018-03-03.1592189 bq 1.73 15.929 14.175 0.044 7.76 0.309 g 58180.16023000004
2458180.66145 2018-03-03.1604366 bq 1.58 15.953 14.179 0.043 7.73 0.303 g 58180.161450000014
2458181.64458 2018-03-04.1436284 bi 1.5 16.333 14.201 0.031 7.579 0.213 g 58181.14458000008
2458181.6458 2018-03-04.1448447 bi 1.56 16.399 14.211 0.029 7.506 0.201 g 58181.14580000006
2458181.64702 2018-03-04.1460623 bi 1.48 16.513 14.171 0.025 7.792 0.181 g 58181.14702000003
2458182.27474 2018-03-04.7738197 bm 1.55 16.938 14.205 0.018 7.549 0.122 g 58181.77473999979
2458182.6514 2018-03-05.1505026 bi 1.51 16.555 14.228 0.026 7.398 0.174 g 58182.15139999986
2458182.65262 2018-03-05.1517201 bi 1.54 16.416 14.215 0.029 7.484 0.197 g 58182.15261999983
2458182.65384 2018-03-05.1529417 bi 1.55 16.459 14.192 0.027 7.644 0.19 g 58182.15383999981
2458183.29596 2018-03-05.7950907 bm 1.54 16.913 14.208 0.018 7.528 0.125 g 58182.795959999785
2458183.64696 2018-03-06.1461149 bi 1.5 16.564 14.207 0.025 7.541 0.172 g 58183.14696000004
2458183.64818 2018-03-06.1473334 bi 1.46 16.467 14.186 0.027 7.683 0.189 g 58183.14818000002
2458183.6494 2018-03-06.1485531 bi 1.46 16.517 14.18 0.025 7.727 0.18 g 58183.149399999995
2458184.3078 2018-03-06.8069939 bm 1.51 16.937 14.242 0.018 7.301 0.123 g 58183.80780000007
2458184.30903 2018-03-06.8082210 bm 1.49 16.928 14.226 0.018 7.405 0.124 g 58183.80903000012
2458184.62716 2018-03-07.1263703 bi 1.38 16.8 14.247 0.021 7.263 0.139 g 58184.12716000015
2458184.62837 2018-03-07.1275850 bi 1.4 16.729 14.175 0.021 7.759 0.148 g 58184.12837000005
2458184.62959 2018-03-07.1287994 bi 1.44 16.722 14.225 0.022 7.411 0.149 g 58184.129590000026
2458185.30778 2018-03-07.8070224 bm 1.4 16.925 14.236 0.018 7.335 0.124 g 58184.807779999916
2458185.30898 2018-03-07.8082271 bm 1.47 16.899 14.203 0.018 7.564 0.127 g 58184.808980000205
2458185.31019 2018-03-07.8094363 bm 1.64 16.885 14.227 0.019 7.401 0.129 g 58184.810190000106
2458185.64164 2018-03-08.1409138 bi 1.45 16.777 14.233 0.021 7.364 0.142 g 58185.141640000045
2458185.64287 2018-03-08.1421350 bi 1.47 16.723 14.228 0.022 7.391 0.149 g 58185.1428700001
2458185.64409 2018-03-08.1433524 bi 1.5 16.783 14.187 0.02 7.676 0.141 g 58185.144090000074
2458186.31339 2018-03-08.8126953 bm 2.12 16.816 14.243 0.02 7.295 0.137 g 58185.81338999979
2458186.3146 2018-03-08.8139025 bm 1.99 16.842 14.206 0.019 7.544 0.134 g 58185.81460000016
2458186.31581 2018-03-08.8151199 bm 2.1 16.836 14.204 0.019 7.554 0.135 g 58185.81581000006
2458186.61983 2018-03-09.1191547 bi 1.52 16.873 14.207 0.019 7.531 0.13 g 58186.119830000214
2458186.62106 2018-03-09.1203769 bi 1.55 16.88 14.222 0.019 7.436 0.129 g 58186.1210599998
2458186.62228 2018-03-09.1216053 bi 1.55 16.911 14.263 0.019 7.159 0.125 g 58186.12227999978
2458188.62023 2018-03-11.1196659 bi 1.42 16.952 14.211 0.017 7.514 0.121 g 58188.12023
2458188.62145 2018-03-11.1208888 bi 1.37 16.92 14.207 0.018 7.535 0.125 g 58188.12144999998
2458188.62267 2018-03-11.1221070 bi 1.39 16.92 14.22 0.018 7.445 0.124 g 58188.12266999995
2458189.60458 2018-03-12.1040768 be 1.41 16.035 13.61 0.023 13.808 0.297 V 58189.10458000004
2458189.60586 2018-03-12.1053519 be 1.41 16.056 13.656 0.024 13.233 0.291 V 58189.10586000001
2458189.60713 2018-03-12.1066261 be 1.44 16.033 13.608 0.023 13.835 0.297 V 58189.1071299999
2458190.32014 2018-03-12.8196807 bm 2.36 16.765 14.178 0.02 7.744 0.146 g 58189.82013999997
2458190.32136 2018-03-12.8208984 bm 2.36 16.791 14.168 0.02 7.812 0.144 g 58189.82135999994
2458190.32258 2018-03-12.8221173 bm 2.33 16.792 14.17 0.019 7.804 0.143 g 58189.82257999992
2458190.62806 2018-03-13.1276109 bi 1.45 16.931 14.184 0.017 7.7 0.123 g 58190.12806000002
2458190.62928 2018-03-13.1288260 bi 1.44 16.921 14.25 0.019 7.246 0.124 g 58190.129279999994
2458190.6305 2018-03-13.1300584 bi 1.47 16.906 14.222 0.018 7.432 0.126 g 58190.13049999997
2458191.30761 2018-03-13.8072048 bm 1.77 14.937 14.52 0.151 5.652 0.778 g 58190.80761000002
2458191.60758 2018-03-14.1071841 be 1.42 16.003 13.674 0.026 13.01 0.306 V 58191.10758000007
2458191.60885 2018-03-14.1084570 be 1.41 16.072 13.645 0.023 13.371 0.287 V 58191.10884999996
2458191.61011 2018-03-14.1097231 be 1.43 16.039 13.649 0.024 13.32 0.296 V 58191.110109999776
2458192.30734 2018-03-14.8069891 bm 1.53 16.916 14.214 0.018 7.493 0.125 g 58191.807339999825
2458192.3088 2018-03-14.8084484 bm 1.57 16.897 14.229 0.019 7.386 0.128 g 58191.80880000023
2458192.31 2018-03-14.8096524 bm 1.49 16.874 14.191 0.018 7.654 0.13 g 58191.810000000056
2458192.61237 2018-03-15.1120305 bi 1.39 16.904 14.217 0.018 7.464 0.126 g 58192.11237000022
2458192.61358 2018-03-15.1132479 bi 1.43 16.909 14.244 0.019 7.287 0.126 g 58192.11358000012
2458192.6148 2018-03-15.1144686 bi 1.44 16.891 14.197 0.018 7.603 0.128 g 58192.1148000001
2458193.61271 2018-03-16.1124350 be 1.42 16.06 13.601 0.023 13.918 0.29 V 58193.112710000016
2458193.61398 2018-03-16.1137040 be 1.45 16.071 13.594 0.022 13.999 0.287 V 58193.11397999991
2458193.61526 2018-03-16.1149851 be 1.47 16.054 13.629 0.023 13.564 0.292 V 58193.115259999875
2458194.29564 2018-03-16.7954035 bm 1.41 16.905 14.218 0.018 7.466 0.127 g 58193.79564000014
2458194.29687 2018-03-16.7966369 bm 1.77 16.908 14.236 0.019 7.34 0.126 g 58193.796870000195
2458194.60314 2018-03-17.1029243 bi 1.46 16.897 14.212 0.018 7.502 0.127 g 58194.10313999979
2458194.60436 2018-03-17.1041459 bi 1.44 16.898 14.208 0.018 7.534 0.127 g 58194.10436000023
2458194.60561 2018-03-17.1053891 bi 1.46 16.872 14.201 0.019 7.578 0.13 g 58194.10560999997
2458195.29272 2018-03-17.7925349 bm 1.52 16.916 14.196 0.018 7.614 0.125 g 58194.792719999794
2458195.29393 2018-03-17.7937563 bm 1.53 16.934 14.195 0.017 7.62 0.124 g 58194.79393000016
2458195.29514 2018-03-17.7949622 bm 1.53 16.924 14.221 0.018 7.446 0.124 g 58194.79514000006
2458195.58387 2018-03-18.0837127 be 1.51 16.115 13.637 0.022 13.468 0.276 V 58195.083870000206
2458195.58516 2018-03-18.0849907 be 1.53 16.042 13.606 0.023 13.857 0.295 V 58195.085159999784
2458195.58642 2018-03-18.0862554 be 1.59 16.063 13.652 0.024 13.28 0.29 V 58195.086420000065
2458196.29494 2018-03-18.7948245 bm 1.64 16.901 14.224 0.018 7.424 0.127 g 58195.794939999934
2458196.59047 2018-03-19.0903599 bi 1.42 16.93 14.211 0.018 7.508 0.123 g 58196.09047000017
2458196.59168 2018-03-19.0915782 bi 1.41 16.928 14.22 0.018 7.451 0.124 g 58196.09168000007
2458196.59291 2018-03-19.0928068 bi 1.4 16.936 14.197 0.017 7.61 0.123 g 58196.09291000012
2458197.30209 2018-03-19.8020287 bm 1.57 16.906 14.223 0.018 7.425 0.127 g 58196.802089999896
2458197.30331 2018-03-19.8032505 bm 1.56 16.934 14.237 0.018 7.332 0.123 g 58196.80330999987
2458197.59816 2018-03-20.0981144 be 1.5 16.082 13.635 0.023 13.481 0.284 V 58197.09816000005
2458197.59944 2018-03-20.0993958 be 1.46 16.028 13.612 0.024 13.767 0.298 V 58197.09944000002
2458197.60075 2018-03-20.1007019 be 1.49 16.079 13.626 0.023 13.599 0.286 V 58197.100750000216
2458198.29787 2018-03-20.7978701 bm 1.49 16.928 14.201 0.018 7.582 0.124 g 58197.79786999989
2458198.29914 2018-03-20.7991416 bm 1.54 16.911 14.214 0.018 7.49 0.126 g 58197.799139999785
2458198.30037 2018-03-20.8003605 bm 1.49 16.884 14.229 0.019 7.391 0.129 g 58197.80036999984
2458198.58789 2018-03-21.0878996 bi 1.43 16.911 14.239 0.019 7.317 0.126 g 58198.08789000008
2458198.58911 2018-03-21.0891204 bi 1.47 16.913 14.222 0.018 7.435 0.125 g 58198.08911000006
2458198.59033 2018-03-21.0903460 bi 1.44 16.929 14.231 0.018 7.374 0.123 g 58198.090330000035
2458200.59486 2018-03-23.0949905 bi 1.43 16.867 14.207 0.019 7.542 0.131 g 58200.09486000007
2458200.59609 2018-03-23.0962196 bi 1.45 16.912 14.283 0.019 7.024 0.126 g 58200.09609000012
2458200.5973 2018-03-23.0974336 bi 1.46 16.886 14.216 0.019 7.474 0.129 g 58200.09730000002
2458201.59427 2018-03-24.0944561 be 1.46 15.953 13.616 0.025 13.729 0.32 V 58201.09426999977
2458201.59553 2018-03-24.0957206 be 1.43 15.964 13.591 0.025 14.043 0.317 V 58201.09553000005
2458201.59681 2018-03-24.0969974 be 1.44 15.988 13.666 0.026 13.112 0.31 V 58201.09681000002
2458202.57755 2018-03-25.0777978 be 1.48 15.963 13.656 0.026 13.228 0.317 V 58202.077550000045
2458202.57882 2018-03-25.0790611 be 1.43 15.952 13.633 0.026 13.516 0.321 V 58202.07881999994
2458202.5801 2018-03-25.0803388 be 1.49 15.969 13.645 0.026 13.366 0.315 V 58202.080099999905
2458203.51858 2018-03-26.0188788 be 1.61 15.951 13.613 0.025 13.764 0.32 V 58203.018579999916
2458203.51985 2018-03-26.0201472 be 1.63 15.897 13.62 0.027 13.676 0.337 V 58203.01984999981
2458203.52111 2018-03-26.0214111 be 1.61 15.865 13.66 0.029 13.17 0.347 V 58203.02111000009
2458205.58424 2018-03-28.0846517 bi 1.4 16.498 14.168 0.026 7.809 0.183 g 58205.08424000023
2458205.58545 2018-03-28.0858703 bi 1.43 16.52 14.246 0.027 7.27 0.18 g 58205.08545000013
2458205.58667 2018-03-28.0870847 bi 1.45 16.405 14.219 0.029 7.453 0.2 g 58205.086670000106
2458206.52845 2018-03-29.0289202 bi 1.43 16.571 14.261 0.026 7.175 0.171 g 58206.0284500001
2458206.52967 2018-03-29.0301369 bi 1.4 16.535 14.193 0.025 7.631 0.177 g 58206.029670000076
2458206.53088 2018-03-29.0313511 bi 1.43 16.434 14.198 0.028 7.598 0.194 g 58206.03087999998
2458207.58003 2018-03-30.0805604 be 1.35 15.62 13.67 0.036 13.063 0.435 V 58207.08002999984
2458207.5813 2018-03-30.0818267 be 1.35 15.578 13.649 0.037 13.312 0.452 V 58207.081300000194
2458207.58257 2018-03-30.0831025 be 1.43 15.664 13.62 0.033 13.676 0.417 V 58207.082570000086
2458208.57651 2018-03-31.0771046 bi 1.55 16.176 14.193 0.035 7.636 0.246 g 58208.07651000004
2458208.57773 2018-03-31.0783231 bi 1.42 16.09 14.14 0.036 8.021 0.267 g 58208.07773000002
2458208.57895 2018-03-31.0795416 bi 1.48 15.996 14.218 0.043 7.46 0.291 g 58208.078949999996
2458209.57467 2018-04-01.0753103 bi 1.53 16.173 14.204 0.036 7.556 0.247 g 58209.07467
2458209.57588 2018-04-01.0765289 bi 1.52 16.133 14.256 0.039 7.203 0.256 g 58209.0758799999
2458209.5771 2018-04-01.0777474 bi 1.54 16.179 14.19 0.035 7.66 0.246 g 58209.07709999988
2458210.56557 2018-04-02.0662659 bi 1.44 16.293 14.204 0.032 7.558 0.221 g 58210.06557000009
2458210.56679 2018-04-02.0674937 bi 1.51 16.28 14.203 0.032 7.567 0.224 g 58210.06679000007
2458210.56801 2018-04-02.0687101 bi 1.42 16.231 14.221 0.034 7.441 0.235 g 58210.068010000046
2458211.56522 2018-04-03.0659746 bi 1.48 16.502 14.222 0.027 7.429 0.183 g 58211.06522000022
2458211.56643 2018-04-03.0671847 bi 1.51 16.486 14.199 0.027 7.595 0.185 g 58211.06643000012
2458211.56765 2018-04-03.0684103 bi 1.45 16.459 14.179 0.027 7.734 0.19 g 58211.0676500001
2458212.25187 2018-04-03.7526651 bn 1.58 15.535 13.9 0.048 10.001 0.446 g 58211.7518699998
2458212.56527 2018-04-04.0660854 bi 1.41 16.656 14.225 0.023 7.411 0.159 g 58212.06527000014
2458212.56649 2018-04-04.0673004 bi 1.44 16.622 14.221 0.024 7.447 0.164 g 58212.066490000114
2458212.56771 2018-04-04.0685193 bi 1.47 16.658 14.218 0.023 7.46 0.158 g 58212.06771000009
2458214.25318 2018-04-05.7540886 bn 1.36 16.886 14.209 0.018 7.525 0.129 g 58213.75318
2458214.25587 2018-04-05.7567871 bn 1.44 16.861 14.209 0.019 7.521 0.132 g 58213.75586999999
2458214.55206 2018-04-06.0529843 bi 1.68 16.828 14.222 0.02 7.433 0.135 g 58214.05206000013
2458214.55328 2018-04-06.0542090 bi 1.7 16.848 14.211 0.019 7.515 0.133 g 58214.05328000011
2458214.5545 2018-04-06.0554275 bi 1.6 16.863 14.229 0.019 7.389 0.131 g 58214.054500000086
2458215.26642 2018-04-06.7673809 bn 1.99 16.847 14.216 0.019 7.477 0.133 g 58214.76642000023
2458215.26763 2018-04-06.7685982 bn 2.23 16.917 14.244 0.019 7.289 0.125 g 58214.76763000013
2458215.26884 2018-04-06.7698028 bn 1.98 16.887 14.24 0.019 7.316 0.128 g 58214.76884000003
2458215.55435 2018-04-07.0553304 bi 1.42 16.903 14.212 0.018 7.504 0.127 g 58215.054349999875
2458215.55557 2018-04-07.0565568 bi 1.45 16.89 14.184 0.018 7.697 0.128 g 58215.05556999985
2458215.5568 2018-04-07.0577788 bi 1.48 16.865 14.21 0.019 7.511 0.131 g 58215.056799999904
2458216.25074 2018-04-07.7517629 bm 1.66 16.706 14.209 0.022 7.528 0.152 g 58215.75074000005
2458216.25195 2018-04-07.7529681 bm 1.43 16.72 14.22 0.022 7.449 0.151 g 58215.75194999995
2458216.25317 2018-04-07.7541844 bm 1.61 15.134 14.294 0.102 6.958 0.648 g 58215.75316999992
2458216.5426 2018-04-08.0436373 bi 1.55 16.861 14.211 0.019 7.509 0.132 g 58216.04259999981
2458216.54381 2018-04-08.0448512 bi 1.55 16.856 14.214 0.019 7.492 0.132 g 58216.04381000018
2458216.54503 2018-04-08.0460696 bi 1.54 16.886 14.187 0.018 7.675 0.129 g 58216.045030000154
2458217.24975 2018-04-08.7508228 bm 2.1 16.546 14.168 0.024 7.818 0.177 g 58216.74974999996
2458217.25097 2018-04-08.7520414 bm 2.07 16.553 14.206 0.026 7.543 0.18 g 58216.750969999935
2458217.25219 2018-04-08.7532613 bm 2.07 16.581 14.164 0.024 7.843 0.172 g 58216.75218999991
2458217.50959 2018-04-09.0106740 be 1.37 16.045 13.589 0.023 14.083 0.294 V 58217.009589999914
2458217.51085 2018-04-09.0119421 be 1.4 16.065 13.624 0.023 13.631 0.289 V 58217.010850000195
2458217.51212 2018-04-09.0132150 be 1.4 16.008 13.605 0.024 13.86 0.305 V 58217.01212000009
2458218.53382 2018-04-10.0349702 bi 1.45 16.867 14.195 0.019 7.618 0.131 g 58218.03382000001
2458218.53504 2018-04-10.0361890 bi 1.4 16.815 14.202 0.02 7.574 0.137 g 58218.03503999999
2458218.53626 2018-04-10.0374075 bi 1.38 16.851 14.186 0.019 7.685 0.133 g 58218.036259999964
2458220.53622 2018-04-12.0374689 be 1.39 15.995 13.63 0.025 13.553 0.308 V 58220.036220000125
2458220.53748 2018-04-12.0387351 be 1.37 16.031 13.634 0.024 13.493 0.298 V 58220.03747999994
2458220.53876 2018-04-12.0400105 be 1.43 16.033 13.635 0.024 13.491 0.298 V 58220.03875999991
2458221.53974 2018-04-13.0410446 bi 1.48 16.837 14.214 0.019 7.491 0.134 g 58221.03973999992
2458221.54096 2018-04-13.0422707 bi 1.47 16.869 14.22 0.019 7.449 0.131 g 58221.0409599999
2458221.54218 2018-04-13.0434915 bi 1.5 16.844 14.192 0.019 7.647 0.134 g 58221.04217999987
2458222.54263 2018-04-14.0439951 bi 1.44 16.871 14.221 0.019 7.436 0.13 g 58222.04263000004
2458222.54386 2018-04-14.0452216 bi 1.41 16.87 14.211 0.019 7.512 0.13 g 58222.04386000009
2458222.54508 2018-04-14.0464403 bi 1.44 16.879 14.207 0.019 7.54 0.129 g 58222.04508000007
2458223.25201 2018-04-14.7534104 bm 1.52 16.873 14.252 0.019 7.232 0.13 g 58222.75200999994
2458223.25322 2018-04-14.7546197 bm 1.51 16.883 14.214 0.019 7.487 0.129 g 58222.75321999984
2458223.25443 2018-04-14.7558229 bm 1.5 16.859 14.202 0.019 7.572 0.132 g 58222.754430000205
