data/asassn/asas.ecsv
# %ECSV 0.9
# ---
# datatype:
# - {name: HJD, datatype: float64}
# - {name: UT Date, datatype: string}
# - {name: Camera, datatype: string}
# - {name: FWHM, datatype: float64}
# - {name: Limit, datatype: float64}
# - {name: mag, datatype: float64}
# - {name: mag_err, datatype: float64}
# - {name: flux(mJy), datatype: float64}
# - {name: flux_err, datatype: float64}
# - {name: Filter, datatype: string}
# - {name: MJD, datatype: float64}
# schema: astropy-2.0
HJD "UT Date" Camera FWHM Limit mag mag_err flux(mJy) flux_err Filter MJD
[from data line 515]
2457470.60013 2016-03-23.1002899 be 1.59 15.766 13.647 0.031 13.344 0.381 V 57470.10013000015
2457470.60142 2016-03-23.1015799 be 1.6 15.711 13.599 0.031 13.942 0.4 V 57470.101420000196
2457470.60272 2016-03-23.1028793 be 1.67 15.69 13.653 0.033 13.265 0.407 V 57470.10271999985
2457473.59424 2016-03-26.0945761 be 1.55 15.972 13.634 0.025 13.498 0.314 V 57473.094240000006
2457473.59554 2016-03-26.0958737 be 1.55 15.955 13.615 0.025 13.737 0.319 V 57473.095540000126
2457473.59683 2016-03-26.0971620 be 1.53 15.941 13.631 0.026 13.545 0.323 V 57473.09683000017
2457475.58757 2016-03-28.0880105 be 1.51 16.08 13.623 0.023 13.637 0.285 V 57475.087569999974
2457475.58885 2016-03-28.0892989 be 1.53 16.066 13.639 0.023 13.439 0.288 V 57475.08884999994
2457475.59014 2016-03-28.0905880 be 1.53 16.094 13.615 0.022 13.73 0.281 V 57475.090139999986
2457476.52183 2016-03-29.0223275 be 1.4 16.045 13.619 0.023 13.685 0.294 V 57476.02182999998
2457476.52311 2016-03-29.0236153 be 1.4 16.104 13.644 0.023 13.371 0.278 V 57476.02310999995
2457476.52441 2016-03-29.0249159 be 1.44 16.061 13.603 0.023 13.881 0.29 V 57476.02441000007
2457478.57331 2016-03-31.0739291 be 1.81 16.162 13.625 0.021 13.618 0.265 V 57478.07330999989
2457479.57633 2016-04-01.0769982 be 1.55 16.223 13.625 0.02 13.617 0.25 V 57479.07633000007
2457479.57761 2016-04-01.0782863 be 1.53 16.2 13.637 0.021 13.453 0.255 V 57479.07761000004
2457479.57891 2016-04-01.0795857 be 1.51 16.238 13.667 0.02 13.1 0.247 V 57479.07891000016
2457481.539 2016-04-03.0397832 be 1.47 16.273 13.653 0.019 13.268 0.238 V 57481.03899999987
2457481.5403 2016-04-03.0410809 be 1.51 16.221 13.625 0.02 13.61 0.25 V 57481.04029999999
2457481.54159 2016-04-03.0423733 be 1.48 16.243 13.643 0.02 13.383 0.245 V 57481.04159000004
2457486.55084 2016-04-08.0519032 be 1.45 16.231 13.608 0.019 13.832 0.249 V 57486.050840000156
2457486.55212 2016-04-08.0531825 be 1.44 16.214 13.638 0.02 13.447 0.252 V 57486.052120000124
2457486.55342 2016-04-08.0544863 be 1.43 16.23 13.659 0.02 13.189 0.248 V 57486.05341999978
2457589.94161 2016-07-20.4446267 be 1.71 15.347 13.591 0.043 14.049 0.559 V 57589.441610000096
2457589.9429 2016-07-20.4459165 be 1.88 15.35 13.619 0.044 13.694 0.557 V 57589.44290000014
2457589.94419 2016-07-20.4472157 be 1.84 15.351 13.587 0.043 14.092 0.557 V 57589.444190000184
2457592.93094 2016-07-23.4338731 be 1.48 15.971 13.63 0.025 13.545 0.315 V 57592.430939999875
2457592.93223 2016-07-23.4351613 be 1.58 15.901 13.583 0.026 14.15 0.336 V 57592.43222999992
2457592.93352 2016-07-23.4364579 be 1.5 15.883 13.677 0.029 12.969 0.341 V 57592.43351999996
2457597.91718 2016-07-28.4199623 be 1.66 14.041 13.513 0.135 15.096 1.861 V 57597.41717999987
2457598.91755 2016-07-29.4202885 be 1.51 16.034 13.665 0.025 13.118 0.297 V 57598.4175499999
2457598.91883 2016-07-29.4215759 be 1.54 15.975 13.641 0.025 13.416 0.315 V 57598.418829999864
2457598.92012 2016-07-29.4228651 be 1.5 16.119 13.623 0.022 13.642 0.275 V 57598.42011999991
2457605.91228 2016-08-05.4147621 be 1.44 16.23 13.609 0.019 13.821 0.249 V 57605.412279999815
2457605.91355 2016-08-05.4160399 be 1.48 16.224 13.653 0.02 13.254 0.251 V 57605.41355000017
2457605.91484 2016-08-05.4173245 be 1.42 16.235 13.624 0.02 13.616 0.247 V 57605.414840000216
2457607.9051 2016-08-07.4075042 be 1.53 16.209 13.639 0.02 13.437 0.254 V 57607.40510000009
2457607.90639 2016-08-07.4087930 be 1.49 16.194 13.65 0.021 13.307 0.257 V 57607.406390000135
2457607.90768 2016-08-07.4100912 be 1.58 16.201 13.636 0.021 13.468 0.255 V 57607.40768000018
2457609.89793 2016-08-09.4002480 be 1.48 16.223 13.655 0.02 13.239 0.25 V 57609.39792999998
2457609.89922 2016-08-09.4015460 be 1.5 16.249 13.605 0.019 13.857 0.245 V 57609.39922000002
2457609.90047 2016-08-09.4027957 be 1.45 16.216 13.638 0.02 13.452 0.251 V 57609.400470000226
2457612.89132 2016-08-12.3935208 be 1.75 16.187 13.638 0.021 13.454 0.258 V 57612.39131999994
2457612.89259 2016-08-12.3947775 be 1.86 16.209 13.613 0.02 13.758 0.254 V 57612.39258999983
2457612.89387 2016-08-12.3960642 be 1.8 16.241 13.66 0.02 13.178 0.246 V 57612.393869999796
2457616.89681 2016-08-16.3988268 be 1.42 16.104 13.635 0.022 13.478 0.279 V 57616.39680999983
2457616.89811 2016-08-16.4001243 be 1.44 16.212 13.668 0.021 13.083 0.252 V 57616.39810999995
2457616.89941 2016-08-16.4014212 be 1.47 16.156 13.652 0.022 13.278 0.266 V 57616.39941000007
2457617.87911 2016-08-17.3810795 be 1.51 15.942 13.565 0.024 14.389 0.324 V 57617.379110000096
2457617.88041 2016-08-17.3823754 be 1.51 15.869 13.614 0.027 13.745 0.346 V 57617.380410000216
2457617.88166 2016-08-17.3836310 be 1.41 15.797 13.583 0.028 14.153 0.37 V 57617.381659999955
2457619.92313 2016-08-19.4250067 be 1.74 14.794 13.517 0.068 15.047 0.93 V 57619.42313000001
2457619.92442 2016-08-19.4262946 be 1.79 15.018 13.649 0.062 13.316 0.756 V 57619.424420000054
2457620.8686 2016-08-20.3704298 be 2.41 15.72 13.605 0.031 13.877 0.397 V 57620.36860000016
2457620.86989 2016-08-20.3717135 be 2.37 15.805 13.635 0.03 13.486 0.367 V 57620.369890000205
2457620.87128 2016-08-20.3731010 be 2.39 15.765 13.612 0.03 13.769 0.381 V 57620.37128000008
2457621.8688 2016-08-21.3705737 be 1.47 15.977 13.676 0.026 12.992 0.313 V 57621.36879999982
2457621.87004 2016-08-21.3718153 be 1.47 15.879 13.64 0.028 13.414 0.343 V 57621.37003999995
2457621.87133 2016-08-21.3731041 be 1.46 15.859 13.647 0.028 13.34 0.348 V 57621.371329999994
2457623.86584 2016-08-23.3675217 be 1.7 16.065 13.649 0.024 13.308 0.29 V 57623.3658400001
2457623.86713 2016-08-23.3688033 be 1.67 15.999 13.609 0.024 13.817 0.308 V 57623.367130000144
2457623.86844 2016-08-23.3701239 be 1.68 16.092 13.587 0.022 14.095 0.283 V 57623.368439999875
2457624.90396 2016-08-24.4055859 be 1.54 16.147 13.637 0.022 13.458 0.268 V 57624.40395999979
2457624.90525 2016-08-24.4068718 be 1.51 16.184 13.673 0.022 13.02 0.259 V 57624.405249999836
2457624.90653 2016-08-24.4081596 be 1.56 16.168 13.641 0.021 13.407 0.263 V 57624.406529999804
2457629.8461 2016-08-29.3474710 be 1.44 16.241 13.639 0.02 13.446 0.246 V 57629.3461000002
2457629.84737 2016-08-29.3487451 be 1.45 16.235 13.639 0.02 13.444 0.247 V 57629.34737000009
2457629.84866 2016-08-29.3500346 be 1.44 16.291 13.626 0.019 13.599 0.235 V 57629.348660000134
2457633.83601 2016-09-02.3371668 be 2.21 16.181 13.633 0.021 13.516 0.261 V 57633.3360100002
2457633.83729 2016-09-02.3384504 be 2.19 16.162 13.599 0.021 13.938 0.266 V 57633.33729000017
2457633.8386 2016-09-02.3397552 be 2.21 16.136 13.616 0.021 13.724 0.271 V 57633.3385999999
2457635.88666 2016-09-04.3877035 be 1.57 16.192 13.621 0.02 13.66 0.257 V 57635.386659999844
2457635.88795 2016-09-04.3889946 be 1.53 16.239 13.637 0.02 13.457 0.246 V 57635.38794999989
2457635.88924 2016-09-04.3902841 be 1.51 16.271 13.638 0.019 13.443 0.239 V 57635.38923999993
2457638.82238 2016-09-07.3232664 be 1.46 16.21 13.665 0.021 13.123 0.253 V 57638.322379999794
2457638.82368 2016-09-07.3245606 be 1.44 16.174 13.616 0.021 13.726 0.262 V 57638.323679999914
2457638.82496 2016-09-07.3258436 be 1.45 16.184 13.622 0.021 13.646 0.259 V 57638.32495999988
2457639.88012 2016-09-08.3809435 be 1.39 16.181 13.611 0.02 13.789 0.26 V 57639.38011999987
2457639.88141 2016-09-08.3822318 be 1.41 16.236 13.639 0.02 13.435 0.247 V 57639.381409999914
2457639.88271 2016-09-08.3835348 be 1.41 16.222 13.607 0.02 13.845 0.251 V 57639.382710000034
2457642.85948 2016-09-11.3601364 be 1.5 16.196 13.643 0.021 13.383 0.256 V 57642.3594800001
2457644.81044 2016-09-13.3109914 be 1.6 15.669 13.597 0.032 13.964 0.415 V 57644.31044000015
2457644.81173 2016-09-13.3122806 be 1.51 15.427 13.626 0.042 13.599 0.519 V 57644.31173000019
2457644.81301 2016-09-13.3135559 be 1.55 15.452 13.64 0.041 13.421 0.508 V 57644.31301000016
2457645.85678 2016-09-14.3572709 be 1.86 15.999 13.628 0.025 13.583 0.307 V 57645.35678000003
2457645.85807 2016-09-14.3585598 be 1.81 16.058 13.624 0.023 13.626 0.291 V 57645.358070000075
2457645.85936 2016-09-14.3598486 be 1.83 16.071 13.616 0.023 13.737 0.288 V 57645.35936000012
2457649.8091 2016-09-18.3093641 be 1.44 15.881 13.675 0.029 13.001 0.342 V 57649.30910000019
2457649.81037 2016-09-18.3106373 be 1.5 15.907 13.652 0.027 13.275 0.334 V 57649.31037000008
2457649.81165 2016-09-18.3119126 be 1.5 15.806 13.698 0.031 12.73 0.366 V 57649.31165000005
2457651.8098 2016-09-20.30995 be 1.43 15.966 13.622 0.025 13.642 0.316 V 57651.30979999993
2457651.81109 2016-09-20.3112391 be 1.5 16.002 13.655 0.025 13.245 0.306 V 57651.311089999974
2457651.81237 2016-09-20.3125221 be 1.45 15.976 13.59 0.024 14.062 0.314 V 57651.31236999994
2457654.78369 2016-09-23.2836685 be 1.48 16.108 13.596 0.022 13.978 0.278 V 57654.28368999995
2457654.78498 2016-09-23.2849581 be 1.51 16.106 13.631 0.022 13.536 0.279 V 57654.28498
2457654.78627 2016-09-23.2862424 be 1.46 16.091 13.622 0.022 13.655 0.281 V 57654.28627000004
2457655.792 2016-09-24.2919188 be 1.45 16.152 13.618 0.021 13.705 0.267 V 57655.2919999999
2457655.79334 2016-09-24.2932631 be 1.49 16.226 13.612 0.02 13.773 0.249 V 57655.29333999986
2457655.79465 2016-09-24.2945651 be 1.47 16.171 13.601 0.02 13.908 0.262 V 57655.294650000054
2457657.80475 2016-09-26.3045476 be 1.42 16.216 13.613 0.02 13.765 0.252 V 57657.30475000013
2457657.80603 2016-09-26.3058295 be 1.45 16.22 13.632 0.02 13.527 0.251 V 57657.306030000094
2457657.80734 2016-09-26.3071412 be 1.43 16.273 13.658 0.02 13.204 0.239 V 57657.307339999825
2457659.86706 2016-09-28.3667447 be 1.46 16.268 13.618 0.019 13.702 0.24 V 57659.36706000008
2457661.76111 2016-09-30.2606858 be 1.41 15.982 13.616 0.025 13.725 0.312 V 57661.26110999985
2457661.7624 2016-09-30.2619752 be 1.39 15.982 13.623 0.025 13.643 0.312 V 57661.26239999989
2457661.76369 2016-09-30.2632612 be 1.44 15.943 13.634 0.026 13.5 0.324 V 57661.263689999934
2457662.75779 2016-10-01.2573031 be 1.44 16.173 13.63 0.021 13.549 0.262 V 57662.25779000018
2457662.75908 2016-10-01.2585923 be 1.53 16.175 13.641 0.021 13.419 0.261 V 57662.25908000022
2457662.76043 2016-10-01.2599528 be 1.45 16.234 13.625 0.02 13.61 0.248 V 57662.26042999979
2457667.74619 2016-10-06.2454329 be 1.41 16.223 13.642 0.02 13.392 0.25 V 57667.24618999986
2457668.76072 2016-10-07.2599037 be 1.54 16.194 13.611 0.02 13.787 0.257 V 57668.26072000014
2457668.76197 2016-10-07.2611506 be 1.59 16.202 13.652 0.021 13.271 0.255 V 57668.261969999876
2457668.76327 2016-10-07.2624521 be 1.56 16.234 13.631 0.02 13.533 0.248 V 57668.263269999996
2457670.82706 2016-10-09.3261256 be 1.51 16.267 13.645 0.019 13.359 0.24 V 57670.32706000004
2457670.82835 2016-10-09.3274111 be 1.47 16.271 13.643 0.019 13.382 0.24 V 57670.32835000008
2457670.82963 2016-10-09.3286980 be 1.45 16.306 13.636 0.019 13.477 0.232 V 57670.32963000005
2457671.73629 2016-10-10.2353077 be 1.62 16.17 13.639 0.021 13.44 0.263 V 57671.23628999991
2457671.73758 2016-10-10.2365937 be 1.64 16.131 13.636 0.022 13.477 0.271 V 57671.23757999996
2457671.73887 2016-10-10.2378832 be 1.58 16.162 13.629 0.021 13.55 0.265 V 57671.23887
2457682.78868 2016-10-21.2871123 be 1.44 16.026 13.645 0.024 13.362 0.299 V 57682.28868000023
2457682.78997 2016-10-21.2884013 be 1.5 16.054 13.614 0.023 13.752 0.292 V 57682.28996999981
2457682.79125 2016-10-21.2896752 be 1.53 16.101 13.669 0.023 13.073 0.279 V 57682.29124999978
2457684.80599 2016-10-23.3043150 be 1.84 16.181 13.659 0.021 13.195 0.26 V 57684.30598999979
2457684.80726 2016-10-23.3055906 be 1.84 16.163 13.624 0.021 13.62 0.264 V 57684.30726000015
2457684.80857 2016-10-23.3068939 be 1.88 16.235 13.624 0.02 13.624 0.248 V 57684.30856999988
2457687.69262 2016-10-26.1908101 be 1.5 16.194 13.622 0.02 13.652 0.257 V 57687.19261999987
2457687.69392 2016-10-26.1921052 be 1.53 16.257 13.641 0.02 13.41 0.243 V 57687.19391999999
2457687.69521 2016-10-26.1933949 be 1.54 16.201 13.656 0.021 13.235 0.255 V 57687.195210000034
2457689.83449 2016-10-28.3325765 be 1.4 16.245 13.619 0.019 13.679 0.245 V 57689.334489999805
2457689.83579 2016-10-28.3338767 be 1.49 16.257 13.626 0.019 13.594 0.242 V 57689.335789999925
2457689.83708 2016-10-28.3351655 be 1.42 16.29 13.63 0.019 13.551 0.235 V 57689.33707999997
2457694.6861 2016-11-02.1839568 be 1.45 16.22 13.659 0.021 13.184 0.251 V 57694.18610000005
2457694.68738 2016-11-02.1852378 be 1.46 16.214 13.643 0.02 13.382 0.252 V 57694.18738000002
2457694.68867 2016-11-02.1865336 be 1.43 16.181 13.628 0.021 13.563 0.26 V 57694.18867000006
2457698.7456 2016-11-06.2432866 be 1.46 16.244 13.647 0.02 13.339 0.245 V 57698.245600000024
2457698.74689 2016-11-06.2445840 be 1.45 16.23 13.617 0.02 13.718 0.248 V 57698.24689000007
2457698.74817 2016-11-06.2458635 be 1.43 16.233 13.595 0.019 13.991 0.249 V 57698.248170000035
2457700.65646 2016-11-08.1540697 be 1.71 16.13 13.655 0.022 13.236 0.272 V 57700.1564600002
2457700.65778 2016-11-08.1553944 be 1.78 16.101 13.609 0.022 13.816 0.281 V 57700.15778000001
2457700.65907 2016-11-08.1566827 be 1.71 16.046 13.615 0.023 13.734 0.294 V 57700.15907000005
2457701.79325 2016-11-09.2908137 be 1.7 16.255 13.641 0.02 13.42 0.243 V 57701.293250000104
2457701.79455 2016-11-09.2921116 be 1.7 16.257 13.632 0.019 13.526 0.243 V 57701.294550000224
2457701.79583 2016-11-09.2933988 be 1.71 16.275 13.634 0.019 13.5 0.239 V 57701.29583000019
2457702.64938 2016-11-10.1469168 be 2.05 16.029 13.655 0.025 13.236 0.3 V 57702.14937999984
2457702.65068 2016-11-10.1482159 be 2.05 16.032 13.633 0.024 13.507 0.298 V 57702.15067999996
2457702.65202 2016-11-10.1495534 be 2.04 16.117 13.589 0.021 14.083 0.276 V 57702.15201999992
2457709.85278 2016-11-17.3500563 be 1.47 16.007 13.634 0.025 13.497 0.305 V 57709.35277999984
2457709.85406 2016-11-17.3513405 be 1.49 16.018 13.577 0.023 14.236 0.302 V 57709.35405999981
2457709.85537 2016-11-17.3526432 be 1.48 16.015 13.668 0.025 13.083 0.302 V 57709.355370000005
2457711.77454 2016-11-19.2717509 be 1.44 16.101 13.629 0.022 13.556 0.28 V 57711.27454000013
2457712.79321 2016-11-20.2903913 be 1.61 15.308 13.7 0.05 12.71 0.579 V 57712.2932099998
2457712.7945 2016-11-20.2916789 be 1.58 15.347 13.649 0.046 13.318 0.56 V 57712.29449999984
2457712.7958 2016-11-20.2929805 be 1.62 16.212 13.642 0.02 13.401 0.252 V 57712.29579999996
2457713.83189 2016-11-21.3290376 be 1.54 16.19 13.6 0.02 13.935 0.258 V 57713.33189000003
2457713.83312 2016-11-21.3302797 be 1.55 16.23 13.613 0.02 13.762 0.248 V 57713.33312000008
2457713.83442 2016-11-21.3315774 be 1.54 16.201 13.633 0.02 13.515 0.255 V 57713.3344200002
2457715.71999 2016-11-23.2170872 be 1.67 16.153 13.603 0.021 13.891 0.267 V 57715.21999000013
2457715.72132 2016-11-23.2184146 be 1.68 16.196 13.624 0.02 13.629 0.256 V 57715.22132000001
2457715.72261 2016-11-23.2197127 be 1.66 16.222 13.639 0.02 13.445 0.25 V 57715.222610000055
2457719.81801 2016-11-27.3150045 be 1.47 16.317 13.626 0.018 13.605 0.229 V 57719.318010000046
2457719.81931 2016-11-27.3163017 be 1.46 16.239 13.624 0.02 13.623 0.246 V 57719.319310000166
2457719.8206 2016-11-27.3175921 be 1.43 16.218 13.6 0.02 13.934 0.251 V 57719.32060000021
2457722.61343 2016-11-30.1103604 be 1.52 16.169 13.617 0.021 13.723 0.263 V 57722.11342999991
2457722.6158 2016-11-30.1127258 be 1.5 16.219 13.65 0.02 13.293 0.251 V 57722.115799999796
2457722.61709 2016-11-30.1140167 be 1.45 16.168 13.619 0.021 13.68 0.263 V 57722.11708999984
2457726.71158 2016-12-04.2084295 be 1.6 16.143 13.607 0.021 13.838 0.269 V 57726.21157999989
2457726.71287 2016-12-04.2097166 be 1.56 16.157 13.634 0.021 13.489 0.266 V 57726.21286999993
2457726.71416 2016-12-04.2110072 be 1.53 16.108 13.598 0.022 13.948 0.278 V 57726.214159999974
2457727.67069 2016-12-05.1675243 be 1.62 16.164 13.628 0.021 13.58 0.264 V 57727.17069000006
2457727.67198 2016-12-05.1688108 be 1.61 16.212 13.583 0.019 14.149 0.253 V 57727.1719800001
2457727.67326 2016-12-05.1700940 be 1.69 16.187 13.6 0.02 13.928 0.259 V 57727.17326000007
2457730.68429 2016-12-08.1810781 be 1.84 16.179 13.613 0.021 13.764 0.261 V 57730.18428999977
