data/asassn/asas.ecsv
# %ECSV 0.9
# ---
# datatype:
# - {name: HJD, datatype: float64}
# - {name: UT Date, datatype: string}
# - {name: Camera, datatype: string}
# - {name: FWHM, datatype: float64}
# - {name: Limit, datatype: float64}
# - {name: mag, datatype: float64}
# - {name: mag_err, datatype: float64}
# - {name: flux(mJy), datatype: float64}
# - {name: flux_err, datatype: float64}
# - {name: Filter, datatype: string}
# - {name: MJD, datatype: float64}
# schema: astropy-2.0
HJD "UT Date" Camera FWHM Limit mag mag_err flux(mJy) flux_err Filter MJD
[from data line 2588]
2458786.96499 2019-10-30.4630083 bq 1.56 16.713 14.235 0.022 7.34 0.151 g 58786.464989999775
2458786.96621 2019-10-30.4642276 bq 1.54 16.707 14.228 0.022 7.395 0.151 g 58786.46621000022
2458787.95949 2019-10-31.4574593 bq 1.53 16.749 14.233 0.021 7.358 0.146 g 58787.459489999805
2458787.9607 2019-10-31.4586767 bq 1.57 16.691 14.204 0.022 7.558 0.154 g 58787.46070000017
2458787.96192 2019-10-31.4598998 bq 1.54 16.699 14.269 0.023 7.12 0.153 g 58787.46192000015
2458789.83524 2019-11-02.3331313 bi 1.38 15.903 14.215 0.046 7.481 0.318 g 58789.33523999993
2458789.83646 2019-11-02.3343459 bi 1.42 16.73 14.253 0.022 7.223 0.148 g 58789.336459999904
2458792.80439 2019-11-05.3021466 bi 1.43 16.818 14.294 0.021 6.956 0.137 g 58792.30439000018
2458792.80561 2019-11-05.3033660 bi 1.4 16.792 14.278 0.021 7.062 0.14 g 58792.305610000156
2458792.80682 2019-11-05.3045841 bi 1.39 16.81 14.28 0.021 7.047 0.138 g 58792.306820000056
2458793.80163 2019-11-06.2993508 bi 1.35 16.811 14.344 0.022 6.64 0.138 g 58793.30163000012
2458793.80284 2019-11-06.3005651 bi 1.39 16.804 14.296 0.022 6.941 0.138 g 58793.30284000002
2458793.80405 2019-11-06.3017822 bi 1.4 16.807 14.275 0.021 7.083 0.138 g 58793.30404999992
2458794.83243 2019-11-07.3301096 bi 1.41 16.801 14.278 0.021 7.059 0.139 g 58794.33242999995
2458794.83365 2019-11-07.3313304 bi 1.41 16.836 14.304 0.021 6.894 0.135 g 58794.33364999993
2458794.83488 2019-11-07.3325625 bi 1.4 16.819 14.303 0.021 6.897 0.136 g 58794.33487999998
2458795.58334 2019-11-08.0809797 bm 1.61 16.743 14.3 0.023 6.921 0.147 g 58795.083339999896
2458795.58455 2019-11-08.0821959 bm 1.56 16.708 14.284 0.023 7.017 0.151 g 58795.084549999796
2458795.70096 2019-11-08.1985943 bi 1.38 16.414 14.303 0.031 6.901 0.198 g 58795.200960000046
2458795.70219 2019-11-08.1998317 bi 1.4 16.407 14.275 0.031 7.08 0.199 g 58795.2021900001
2458795.70341 2019-11-08.20105 bi 1.39 16.501 14.248 0.027 7.263 0.183 g 58795.203410000075
2458796.78543 2019-11-09.2830254 bE 1.45 16.342 14.338 0.035 6.679 0.212 g 58796.28543000016
2458796.78671 2019-11-09.2843011 bE 1.46 16.298 14.258 0.033 7.197 0.221 g 58796.28671000013
2458799.50321 2019-11-12.0007035 bm 1.57 15.972 14.287 0.046 7.004 0.297 g 58799.00321000023
2458799.50441 2019-11-12.0019040 bm 1.53 15.982 14.306 0.047 6.881 0.295 g 58799.00441000005
2458799.50563 2019-11-12.0031182 bm 1.54 16.061 14.338 0.045 6.684 0.274 g 58799.00563000003
2458801.67005 2019-11-14.1674630 bi 1.47 15.748 14.265 0.056 7.147 0.365 g 58801.17004999984
2458801.67127 2019-11-14.1686843 bi 1.45 15.815 14.279 0.053 7.056 0.343 g 58801.17126999982
2458801.67251 2019-11-14.1699228 bi 1.42 15.77 14.456 0.065 5.991 0.358 g 58801.172509999946
2458801.88533 2019-11-14.3827351 bq 1.58 15.876 14.636 0.07 5.081 0.325 g 58801.38532999996
2458801.88655 2019-11-14.3839515 bq 1.61 15.881 14.459 0.059 5.973 0.323 g 58801.38654999994
2458801.88777 2019-11-14.3851674 bq 1.52 15.794 14.393 0.06 6.353 0.35 g 58801.387769999914
2458802.70295 2019-11-15.2003259 bi 1.44 16.054 14.324 0.044 6.771 0.276 g 58802.20294999983
2458802.70416 2019-11-15.2015395 bi 1.42 15.998 14.305 0.046 6.889 0.29 g 58802.2041600002
2458802.70538 2019-11-15.2027578 bi 1.39 16.055 14.417 0.048 6.212 0.275 g 58802.205380000174
2458804.91296 2019-11-17.4102584 bq 1.63 14.149 13.677 0.143 12.279 1.603 g 58804.41295999987
2458805.74594 2019-11-18.2432087 bi 1.39 16.645 14.366 0.027 6.515 0.16 g 58805.24593999982
2458805.74715 2019-11-18.2444233 bi 1.41 16.537 14.341 0.029 6.664 0.177 g 58805.247150000185
2458805.74837 2019-11-18.2456459 bi 1.4 16.583 14.295 0.027 6.952 0.17 g 58805.24837000016
2458805.91846 2019-11-18.4157229 bq 1.48 15.101 13.992 0.079 9.193 0.664 g 58805.41845999984
2458805.91968 2019-11-18.4169422 bq 1.55 15.189 14.359 0.103 6.552 0.614 g 58805.41967999982
2458805.92093 2019-11-18.4181946 bq 1.54 15.553 14.359 0.073 6.549 0.437 g 58805.42093000002
2458806.74294 2019-11-19.2401820 bi 1.41 16.672 14.303 0.025 6.9 0.156 g 58806.24293999979
2458806.74415 2019-11-19.2413979 bi 1.48 16.716 14.407 0.026 6.27 0.15 g 58806.24415000016
2458806.74538 2019-11-19.2426160 bi 1.4 16.684 14.317 0.025 6.815 0.155 g 58806.24538000021
2458807.60991 2019-11-20.1071173 bm 1.55 15.805 14.445 0.063 6.052 0.346 g 58807.109910000116
2458807.70949 2019-11-20.2066989 bi 1.48 16.748 14.33 0.023 6.73 0.146 g 58807.209489999805
2458807.71071 2019-11-20.2079296 bi 1.46 16.733 14.312 0.023 6.838 0.148 g 58807.21070999978
2458807.71193 2019-11-20.2091444 bi 1.39 16.795 14.355 0.023 6.577 0.14 g 58807.21193000022
2458808.60713 2019-11-21.1043177 bm 1.62 15.854 14.257 0.05 7.197 0.331 g 58808.1071299999
2458808.60835 2019-11-21.1055371 bm 1.58 15.714 14.331 0.061 6.72 0.377 g 58808.10834999988
2458808.60956 2019-11-21.1067390 bm 1.47 15.677 14.321 0.063 6.787 0.39 g 58808.10955999978
2458808.72614 2019-11-21.2233160 bE 1.53 16.861 14.338 0.021 6.68 0.132 g 58808.226139999926
2458808.72742 2019-11-21.2245960 bE 1.55 16.845 14.377 0.022 6.444 0.134 g 58808.227419999894
2458808.7287 2019-11-21.2258744 bE 1.5 16.835 14.33 0.022 6.726 0.135 g 58808.22869999986
2458808.95593 2019-11-21.4531042 bq 1.5 16.624 14.375 0.027 6.457 0.163 g 58808.45593000017
2458808.95714 2019-11-21.4543156 bq 1.49 16.644 14.414 0.028 6.231 0.16 g 58808.45714000007
2458808.95837 2019-11-21.4555456 bq 1.49 16.654 14.276 0.024 7.07 0.159 g 58808.458370000124
2458809.58563 2019-11-22.0827938 bm 1.53 16.722 14.341 0.024 6.657 0.15 g 58809.0856300001
2458809.58685 2019-11-22.0840099 bm 1.5 16.745 14.369 0.024 6.489 0.146 g 58809.08685000008
2458809.58805 2019-11-22.0852153 bm 1.53 16.773 14.391 0.024 6.361 0.142 g 58809.088049999904
2458809.70317 2019-11-22.2003136 bi 1.43 16.237 14.41 0.042 6.257 0.236 g 58809.20317000011
2458809.70438 2019-11-22.2015304 bi 1.46 16.472 14.391 0.032 6.364 0.188 g 58809.20438000001
2458809.7056 2019-11-22.2027484 bi 1.49 16.772 14.405 0.025 6.286 0.143 g 58809.20559999999
2458810.54587 2019-11-23.0429918 bm 1.51 16.705 14.45 0.027 6.027 0.152 g 58810.04587000003
2458810.81433 2019-11-23.3114449 bE 1.44 16.876 14.404 0.022 6.285 0.129 g 58810.314329999965
2458810.81561 2019-11-23.3127233 bE 1.44 16.918 14.37 0.021 6.489 0.125 g 58810.31560999993
2458810.81694 2019-11-23.3140603 bE 1.49 16.905 14.377 0.021 6.447 0.126 g 58810.316939999815
2458811.69857 2019-11-24.1956631 bE 1.45 16.872 14.329 0.021 6.735 0.13 g 58811.19857000001
2458811.69984 2019-11-24.1969369 bE 1.45 16.916 14.366 0.021 6.509 0.125 g 58811.1998399999
2458811.70111 2019-11-24.1981979 bE 1.45 16.902 14.385 0.021 6.401 0.127 g 58811.20110999979
2458812.68463 2019-11-25.1816982 bE 1.48 16.865 14.343 0.021 6.654 0.131 g 58812.18463000003
2458812.68591 2019-11-25.182975 bE 1.45 16.906 14.385 0.021 6.399 0.126 g 58812.18591
2458812.68717 2019-11-25.1842380 bE 1.45 16.884 14.386 0.022 6.39 0.129 g 58812.187169999816
2458813.80452 2019-11-26.3015601 bi 1.44 16.793 14.369 0.023 6.491 0.14 g 58813.30451999977
2458813.80575 2019-11-26.3027901 bi 1.46 16.825 14.381 0.023 6.419 0.136 g 58813.305749999825
2458813.80699 2019-11-26.3040214 bi 1.42 16.833 14.369 0.022 6.494 0.135 g 58813.306989999954
2458814.7681 2019-11-27.2651192 bi 1.36 16.828 14.408 0.023 6.258 0.135 g 58814.26809999999
2458814.76933 2019-11-27.2663442 bi 1.41 16.779 14.405 0.024 6.278 0.142 g 58814.26933000004
2458814.77055 2019-11-27.2675633 bi 1.39 16.805 14.378 0.023 6.438 0.138 g 58814.270550000016
2458815.75669 2019-11-28.2536783 bi 1.39 16.847 14.479 0.025 5.868 0.133 g 58815.256690000184
2458815.75791 2019-11-28.2548928 bi 1.42 16.833 14.46 0.024 5.969 0.135 g 58815.25791000016
2458815.75912 2019-11-28.2561096 bi 1.36 16.86 14.416 0.023 6.221 0.132 g 58815.25912000006
2458816.77986 2019-11-29.2768230 bi 1.49 16.83 14.431 0.024 6.129 0.135 g 58816.279860000126
2458816.78107 2019-11-29.2780398 bi 1.49 16.824 14.459 0.025 5.976 0.136 g 58816.28107000003
2458816.7823 2019-11-29.2792581 bi 1.59 16.82 14.452 0.025 6.018 0.137 g 58816.28230000008
2458817.822 2019-11-30.3189394 bi 1.42 16.82 14.418 0.024 6.202 0.136 g 58817.32200000016
2458817.82322 2019-11-30.3201611 bi 1.39 16.814 14.441 0.024 6.073 0.137 g 58817.32322000014
2458817.82444 2019-11-30.3213795 bi 1.43 16.838 14.434 0.024 6.111 0.134 g 58817.32444000011
2458819.608 2019-12-02.1049055 bE 1.48 16.809 14.408 0.024 6.264 0.138 g 58819.10800000001
2458819.60927 2019-12-02.1061738 bE 1.49 16.875 14.436 0.023 6.105 0.13 g 58819.1092699999
2458819.61053 2019-12-02.1074373 bE 1.47 16.754 14.433 0.026 6.123 0.145 g 58819.11053000018
2458819.79691 2019-12-02.2938111 bE 1.5 16.903 14.443 0.023 6.065 0.127 g 58819.296910000034
2458819.79818 2019-12-02.2950775 bE 1.48 16.912 14.424 0.022 6.173 0.126 g 58819.298179999925
2458819.79959 2019-12-02.2964866 bE 1.49 16.829 14.396 0.023 6.338 0.136 g 58819.29958999995
2458820.61217 2019-12-03.1090603 bE 1.48 16.768 14.478 0.026 5.871 0.143 g 58820.112170000095
2458820.61345 2019-12-03.1103385 bE 1.43 16.758 14.449 0.026 6.031 0.144 g 58820.11345000006
2458820.61472 2019-12-03.1116094 bE 1.51 16.85 14.496 0.025 5.78 0.133 g 58820.114719999954
2458820.81671 2019-12-03.3135935 bi 1.45 16.849 14.444 0.024 6.058 0.133 g 58820.31670999993
2458820.81915 2019-12-03.3160280 bi 1.4 16.827 14.45 0.024 6.025 0.135 g 58820.31914999988
2458821.65012 2019-12-04.1469774 bE 1.58 14.572 14.138 0.149 8.028 1.091 g 58821.15011999989
2458821.65139 2019-12-04.1482506 bE 1.62 15.095 14.406 0.116 6.27 0.667 g 58821.15138999978
2458821.81347 2019-12-04.3103254 bi 1.4 16.338 14.469 0.039 5.924 0.213 g 58821.313469999935
2458821.81469 2019-12-04.3115549 bi 1.43 16.488 14.462 0.034 5.961 0.186 g 58821.31468999991
2458821.81591 2019-12-04.3127730 bi 1.45 16.557 14.431 0.031 6.132 0.174 g 58821.31590999989
2458822.61368 2019-12-05.1105280 bE 1.55 16.725 14.476 0.027 5.883 0.149 g 58822.11367999995
2458822.61495 2019-12-05.1118 bE 1.53 16.668 14.478 0.029 5.873 0.157 g 58822.11494999984
2458822.61623 2019-12-05.1130758 bE 1.53 16.75 14.509 0.028 5.705 0.146 g 58822.11622999981
2458822.82529 2019-12-05.3221358 bi 1.42 16.845 14.544 0.026 5.522 0.133 g 58822.325290000066
2458822.8265 2019-12-05.3233555 bi 1.41 16.877 14.516 0.025 5.671 0.129 g 58822.32649999997
2458822.82773 2019-12-05.3245760 bi 1.38 16.854 14.525 0.026 5.623 0.132 g 58822.32773000002
2458823.81552 2019-12-06.3123420 bE 1.45 16.964 14.556 0.024 5.468 0.119 g 58823.31552000018
2458823.8168 2019-12-06.3136197 bE 1.43 16.94 14.501 0.023 5.75 0.122 g 58823.316800000146
2458823.81807 2019-12-06.3148920 bE 1.48 16.924 14.524 0.024 5.628 0.124 g 58823.31807000004
2458824.83059 2019-12-07.3273986 bq 1.54 16.47 14.584 0.039 5.322 0.188 g 58824.33058999991
2458824.83181 2019-12-07.3286171 bq 1.56 16.577 14.622 0.036 5.145 0.17 g 58824.33180999989
2458824.83303 2019-12-07.3298391 bq 1.62 16.47 14.612 0.039 5.191 0.188 g 58824.33302999986
2458826.56716 2019-12-09.0639511 bi 1.39 16.208 14.71 0.055 4.743 0.239 g 58826.06716000009
2458826.56839 2019-12-09.0651810 bi 1.44 16.225 14.751 0.056 4.564 0.235 g 58826.068390000146
2458826.56961 2019-12-09.0663979 bi 1.41 16.283 14.959 0.065 3.772 0.223 g 58826.06961000012
2458826.77495 2019-12-09.2717413 bi 1.39 16.524 14.789 0.044 4.408 0.179 g 58826.27494999999
2458826.77618 2019-12-09.2729745 bi 1.4 16.554 14.786 0.043 4.424 0.174 g 58826.276180000044
2458826.7774 2019-12-09.2741907 bi 1.38 16.425 14.889 0.053 4.022 0.196 g 58826.27740000002
2458827.70882 2019-12-10.2055930 bE 1.47 16.498 14.81 0.046 4.325 0.183 g 58827.208819999825
2458827.71012 2019-12-10.2068987 bE 1.5 16.558 14.904 0.048 3.967 0.173 g 58827.210119999945
2458827.7114 2019-12-10.2081711 bE 1.46 16.475 14.962 0.054 3.76 0.187 g 58827.21139999991
2458828.54136 2019-12-11.0381159 bm 1.54 16.226 15.312 0.094 2.725 0.235 g 58828.04136000015
2458828.54379 2019-12-11.0405524 bm 1.54 16.239 15.017 0.071 3.575 0.232 g 58828.043790000025
2458828.65909 2019-12-11.1558555 bE 1.55 16.393 15.041 0.063 3.497 0.202 g 58828.159090000205
2458828.66038 2019-12-11.1571383 bE 1.53 16.408 15.074 0.064 3.39 0.199 g 58828.16037999978
2458828.66166 2019-12-11.1584142 bE 1.5 16.317 15.078 0.07 3.382 0.216 g 58828.161660000216
2458829.61332 2019-12-12.1100711 bi 1.49 15.806 14.676 0.077 4.895 0.346 g 58829.113320000004
2458829.61454 2019-12-12.1112912 bi 1.47 15.849 14.778 0.082 4.456 0.333 g 58829.11453999998
2458829.61576 2019-12-12.1125081 bi 1.49 15.764 14.854 0.095 4.155 0.36 g 58829.11575999996
2458830.59072 2019-12-13.0874609 bi 1.5 16.111 14.895 0.071 4.0 0.261 g 58830.09072000021
2458830.59195 2019-12-13.0886903 bi 1.44 16.03 14.933 0.08 3.862 0.281 g 58830.0919499998
2458830.59318 2019-12-13.0899178 bi 1.5 16.123 14.872 0.069 4.084 0.258 g 58830.09317999985
2458830.88395 2019-12-13.3806844 bq 1.51 15.854 15.007 0.1 3.606 0.331 g 58830.38395000016
2458830.88517 2019-12-13.3819097 bq 1.64 15.67 14.7 0.09 4.785 0.392 g 58830.38517000014
2458830.88638 2019-12-13.3831247 bq 1.52 15.703 15.01 0.116 3.598 0.38 g 58830.38638000004
2458831.70967 2019-12-14.2064150 bE 1.46 16.464 14.785 0.047 4.426 0.189 g 58831.20966999978
2458831.71094 2019-12-14.2076718 bE 1.48 16.515 14.838 0.047 4.217 0.18 g 58831.210940000135
2458831.7122 2019-12-14.2089356 bE 1.48 16.648 14.695 0.036 4.808 0.16 g 58831.21219999995
2458831.8766 2019-12-14.3733261 bq 1.55 15.922 14.805 0.078 4.342 0.311 g 58831.376600000076
2458831.87784 2019-12-14.3745723 bq 1.57 15.901 14.752 0.076 4.563 0.317 g 58831.377840000205
2458831.87906 2019-12-14.3757896 bq 1.57 15.91 14.862 0.083 4.126 0.314 g 58831.37906000018
2458832.71795 2019-12-15.2146766 bE 1.47 16.572 14.66 0.038 4.963 0.171 g 58832.21794999996
2458832.71923 2019-12-15.2159556 bE 1.49 16.6 14.627 0.036 5.116 0.167 g 58832.21922999993
2458832.72049 2019-12-15.2172192 bE 1.45 16.446 14.525 0.037 5.626 0.192 g 58832.22049000021
2458832.88502 2019-12-15.3817369 bq 1.54 16.071 14.618 0.057 5.161 0.271 g 58832.38501999993
2458832.88623 2019-12-15.3829543 bq 1.58 16.038 14.56 0.056 5.446 0.279 g 58832.38622999983
2458832.88746 2019-12-15.3841766 bq 1.58 16.041 14.66 0.061 4.966 0.279 g 58832.38745999988
2458833.72207 2019-12-16.2187886 bi 1.4 16.439 14.649 0.042 5.017 0.193 g 58833.222070000134
2458833.72331 2019-12-16.2200211 bi 1.43 16.522 14.604 0.037 5.229 0.179 g 58833.2233099998
2458833.72453 2019-12-16.2212425 bi 1.49 16.422 14.525 0.038 5.626 0.196 g 58833.224529999774
2458833.88217 2019-12-16.3788863 bq 1.55 16.193 14.495 0.046 5.78 0.242 g 58833.38217000011
2458833.8834 2019-12-16.3801197 bq 1.56 16.206 14.58 0.049 5.342 0.24 g 58833.383400000166
2458833.88463 2019-12-16.3813434 bq 1.58 16.266 14.671 0.05 4.913 0.227 g 58833.38463000022
2458834.59444 2019-12-17.0911552 bm 1.49 16.265 14.613 0.048 5.183 0.227 g 58834.09444000013
2458834.59567 2019-12-17.0923851 bm 1.51 16.431 14.624 0.041 5.132 0.195 g 58834.095670000184
2458834.59689 2019-12-17.0936072 bm 1.53 16.383 14.576 0.041 5.368 0.204 g 58834.09689000016
2458835.71532 2019-12-18.2120252 bi 1.53 16.709 14.599 0.031 5.251 0.151 g 58835.21531999996
2458835.87845 2019-12-18.3751481 bq 1.48 16.456 14.666 0.042 4.938 0.19 g 58835.37845000019
2458835.87968 2019-12-18.3763878 bq 1.45 16.484 14.621 0.039 5.145 0.185 g 58835.37967999978
2458835.8809 2019-12-18.3776065 bq 1.48 16.461 14.679 0.042 4.879 0.189 g 58835.38090000022
2458836.70767 2019-12-19.2043812 bi 1.45 16.873 14.641 0.028 5.053 0.13 g 58836.207669999916
2458836.7089 2019-12-19.2056078 bi 1.42 16.898 14.67 0.028 4.922 0.127 g 58836.20889999997
2458836.71012 2019-12-19.2068262 bi 1.47 16.878 14.601 0.027 5.246 0.129 g 58836.210119999945
2458836.87481 2019-12-19.3715193 bq 1.5 16.474 14.584 0.038 5.326 0.187 g 58836.37480999995
2458836.87727 2019-12-19.3739730 bq 1.5 16.478 14.69 0.042 4.828 0.186 g 58836.377270000055
2458837.40468 2019-12-19.9013745 bm 1.65 16.936 14.621 0.026 5.15 0.123 g 58836.90468000015
2458837.71155 2019-12-20.2082481 bi 1.39 16.938 14.633 0.026 5.092 0.122 g 58837.211550000124
2458837.71277 2019-12-20.2094666 bi 1.35 16.873 14.55 0.026 5.496 0.13 g 58837.2127700001
